0 0 81920 81920
10 10 81910 81910
20 20 81900 81900
30 30 81890 81890
40 40 81880 81880
50 50 81870 81870
60 60 81860 81860
70 70 81850 81850
80 80 81840 81840
90 90 81830 81830
100 100 81820 81820
110 110 81810 81810
120 120 81800 81800
130 130 81790 81790
140 140 81780 81780
150 150 81770 81770
160 160 81760 81760
170 170 81750 81750
180 180 81740 81740
190 190 81730 81730
200 200 81720 81720
210 210 81710 81710
220 220 81700 81700
230 230 81690 81690
240 240 81680 81680
250 250 81670 81670
260 260 81660 81660
270 270 81650 81650
280 280 81640 81640
290 290 81630 81630
300 300 81620 81620
310 310 81610 81610
320 320 81600 81600
330 330 81590 81590
340 340 81580 81580
350 350 81570 81570
360 360 81560 81560
370 370 81550 81550
380 380 81540 81540
390 390 81530 81530
400 400 81520 81520
410 410 81510 81510
420 420 81500 81500
430 430 81490 81490
440 440 81480 81480
450 450 81470 81470
460 460 81460 81460
470 470 81450 81450
480 480 81440 81440
490 490 81430 81430
500 500 81420 81420
510 510 81410 81410
520 520 81400 81400
530 530 81390 81390
540 540 81380 81380
550 550 81370 81370
560 560 81360 81360
570 570 81350 81350
580 580 81340 81340
590 590 81330 81330
600 600 81320 81320
610 610 81310 81310
620 620 81300 81300
630 630 81290 81290
640 640 81280 81280
650 650 81270 81270
660 660 81260 81260
670 670 81250 81250
680 680 81240 81240
690 690 81230 81230
700 700 81220 81220
710 710 81210 81210
720 720 81200 81200
730 730 81190 81190
740 740 81180 81180
750 750 81170 81170
760 760 81160 81160
770 770 81150 81150
780 780 81140 81140
790 790 81130 81130
800 800 81120 81120
810 810 81110 81110
820 820 81100 81100
830 830 81090 81090
840 840 81080 81080
850 850 81070 81070
860 860 81060 81060
870 870 81050 81050
880 880 81040 81040
890 890 81030 81030
900 900 81020 81020
910 910 81010 81010
920 920 81000 81000
930 930 80990 80990
940 940 80980 80980
950 950 80970 80970
960 960 80960 80960
970 970 80950 80950
980 980 80940 80940
990 990 80930 80930
1000 1000 80920 80920
1010 1010 80910 80910
1020 1020 80900 80900
1030 1030 80890 80890
1040 1040 80880 80880
1050 1050 80870 80870
1060 1060 80860 80860
1070 1070 80850 80850
1080 1080 80840 80840
1090 1090 80830 80830
1100 1100 80820 80820
1110 1110 80810 80810
1120 1120 80800 80800
1130 1130 80790 80790
1140 1140 80780 80780
1150 1150 80770 80770
1160 1160 80760 80760
1170 1170 80750 80750
1180 1180 80740 80740
1190 1190 80730 80730
1200 1200 80720 80720
1210 1210 80710 80710
1220 1220 80700 80700
1230 1230 80690 80690
1240 1240 80680 80680
1250 1250 80670 80670
1260 1260 80660 80660
1270 1270 80650 80650
1280 1280 80640 80640
1290 1290 80630 80630
1300 1300 80620 80620
1310 1310 80610 80610
1320 1320 80600 80600
1330 1330 80590 80590
1340 1340 80580 80580
1350 1350 80570 80570
1360 1360 80560 80560
1370 1370 80550 80550
1380 1380 80540 80540
1390 1390 80530 80530
1400 1400 80520 80520
1410 1410 80510 80510
1420 1420 80500 80500
1430 1430 80490 80490
1440 1440 80480 80480
1450 1450 80470 80470
1460 1460 80460 80460
1470 1470 80450 80450
1480 1480 80440 80440
1490 1490 80430 80430
1500 1500 80420 80420
1510 1510 80410 80410
1520 1520 80400 80400
1530 1530 80390 80390
1540 1540 80380 80380
1550 1550 80370 80370
1560 1560 80360 80360
1570 1570 80350 80350
1580 1580 80340 80340
1590 1590 80330 80330
1600 1600 80320 80320
1610 1610 80310 80310
1620 1620 80300 80300
1630 1630 80290 80290
1640 1640 80280 80280
1650 1650 80270 80270
1660 1660 80260 80260
1670 1670 80250 80250
1680 1680 80240 80240
1690 1690 80230 80230
1700 1700 80220 80220
1710 1710 80210 80210
1720 1720 80200 80200
1730 1730 80190 80190
1740 1740 80180 80180
1750 1750 80170 80170
1760 1760 80160 80160
1770 1770 80150 80150
1780 1780 80140 80140
1790 1790 80130 80130
1800 1800 80120 80120
1810 1810 80110 80110
1820 1820 80100 80100
1830 1830 80090 80090
1840 1840 80080 80080
1850 1850 80070 80070
1860 1860 80060 80060
1870 1870 80050 80050
1880 1880 80040 80040
1890 1890 80030 80030
1900 1900 80020 80020
1910 1910 80010 80010
1920 1920 80000 80000
1930 1930 79990 79990
1940 1940 79980 79980
1950 1950 79970 79970
1960 1960 79960 79960
1970 1970 79950 79950
1980 1980 79940 79940
1990 1990 79930 79930
2000 2000 79920 79920
2010 2010 79910 79910
2020 2020 79900 79900
2030 2030 79890 79890
2040 2040 79880 79880
2050 2050 79870 79870
2060 2060 79860 79860
2070 2070 79850 79850
2080 2080 79840 79840
2090 2090 79830 79830
2100 2100 79820 79820
2110 2110 79810 79810
2120 2120 79800 79800
2130 2130 79790 79790
2140 2140 79780 79780
2150 2150 79770 79770
2160 2160 79760 79760
2170 2170 79750 79750
2180 2180 79740 79740
2190 2190 79730 79730
2200 2200 79720 79720
2210 2210 79710 79710
2220 2220 79700 79700
2230 2230 79690 79690
2240 2240 79680 79680
2250 2250 79670 79670
2260 2260 79660 79660
2270 2270 79650 79650
2280 2280 79640 79640
2290 2290 79630 79630
2300 2300 79620 79620
2310 2310 79610 79610
2320 2320 79600 79600
2330 2330 79590 79590
2340 2340 79580 79580
2350 2350 79570 79570
2360 2360 79560 79560
2370 2370 79550 79550
2380 2380 79540 79540
2390 2390 79530 79530
2400 2400 79520 79520
2410 2410 79510 79510
2420 2420 79500 79500
2430 2430 79490 79490
2440 2440 79480 79480
2450 2450 79470 79470
2460 2460 79460 79460
2470 2470 79450 79450
2480 2480 79440 79440
2490 2490 79430 79430
2500 2500 79420 79420
2510 2510 79410 79410
2520 2520 79400 79400
2530 2530 79390 79390
2540 2540 79380 79380
2550 2550 79370 79370
2560 2560 79360 79360
2570 2570 79350 79350
2580 2580 79340 79340
2590 2590 79330 79330
2600 2600 79320 79320
2610 2610 79310 79310
2620 2620 79300 79300
2630 2630 79290 79290
2640 2640 79280 79280
2650 2650 79270 79270
2660 2660 79260 79260
2670 2670 79250 79250
2680 2680 79240 79240
2690 2690 79230 79230
2700 2700 79220 79220
2710 2710 79210 79210
2720 2720 79200 79200
2730 2730 79190 79190
2740 2740 79180 79180
2750 2750 79170 79170
2760 2760 79160 79160
2770 2770 79150 79150
2780 2780 79140 79140
2790 2790 79130 79130
2800 2800 79120 79120
2810 2810 79110 79110
2820 2820 79100 79100
2830 2830 79090 79090
2840 2840 79080 79080
2850 2850 79070 79070
2860 2860 79060 79060
2870 2870 79050 79050
2880 2880 79040 79040
2890 2890 79030 79030
2900 2900 79020 79020
2910 2910 79010 79010
2920 2920 79000 79000
2930 2930 78990 78990
2940 2940 78980 78980
2950 2950 78970 78970
2960 2960 78960 78960
2970 2970 78950 78950
2980 2980 78940 78940
2990 2990 78930 78930
3000 3000 78920 78920
3010 3010 78910 78910
3020 3020 78900 78900
3030 3030 78890 78890
3040 3040 78880 78880
3050 3050 78870 78870
3060 3060 78860 78860
3070 3070 78850 78850
3080 3080 78840 78840
3090 3090 78830 78830
3100 3100 78820 78820
3110 3110 78810 78810
3120 3120 78800 78800
3130 3130 78790 78790
3140 3140 78780 78780
3150 3150 78770 78770
3160 3160 78760 78760
3170 3170 78750 78750
3180 3180 78740 78740
3190 3190 78730 78730
3200 3200 78720 78720
3210 3210 78710 78710
3220 3220 78700 78700
3230 3230 78690 78690
3240 3240 78680 78680
3250 3250 78670 78670
3260 3260 78660 78660
3270 3270 78650 78650
3280 3280 78640 78640
3290 3290 78630 78630
3300 3300 78620 78620
3310 3310 78610 78610
3320 3320 78600 78600
3330 3330 78590 78590
3340 3340 78580 78580
3350 3350 78570 78570
3360 3360 78560 78560
3370 3370 78550 78550
3380 3380 78540 78540
3390 3390 78530 78530
3400 3400 78520 78520
3410 3410 78510 78510
3420 3420 78500 78500
3430 3430 78490 78490
3440 3440 78480 78480
3450 3450 78470 78470
3460 3460 78460 78460
3470 3470 78450 78450
3480 3480 78440 78440
3490 3490 78430 78430
3500 3500 78420 78420
3510 3510 78410 78410
3520 3520 78400 78400
3530 3530 78390 78390
3540 3540 78380 78380
3550 3550 78370 78370
3560 3560 78360 78360
3570 3570 78350 78350
3580 3580 78340 78340
3590 3590 78330 78330
3600 3600 78320 78320
3610 3610 78310 78310
3620 3620 78300 78300
3630 3630 78290 78290
3640 3640 78280 78280
3650 3650 78270 78270
3660 3660 78260 78260
3670 3670 78250 78250
3680 3680 78240 78240
3690 3690 78230 78230
3700 3700 78220 78220
3710 3710 78210 78210
3720 3720 78200 78200
3730 3730 78190 78190
3740 3740 78180 78180
3750 3750 78170 78170
3760 3760 78160 78160
3770 3770 78150 78150
3780 3780 78140 78140
3790 3790 78130 78130
3800 3800 78120 78120
3810 3810 78110 78110
3820 3820 78100 78100
3830 3830 78090 78090
3840 3840 78080 78080
3850 3850 78070 78070
3860 3860 78060 78060
3870 3870 78050 78050
3880 3880 78040 78040
3890 3890 78030 78030
3900 3900 78020 78020
3910 3910 78010 78010
3920 3920 78000 78000
3930 3930 77990 77990
3940 3940 77980 77980
3950 3950 77970 77970
3960 3960 77960 77960
3970 3970 77950 77950
3980 3980 77940 77940
3990 3990 77930 77930
4000 4000 77920 77920
4010 4010 77910 77910
4020 4020 77900 77900
4030 4030 77890 77890
4040 4040 77880 77880
4050 4050 77870 77870
4060 4060 77860 77860
4070 4070 77850 77850
4080 4080 77840 77840
4090 4090 77830 77830
4100 4100 77820 77820
4110 4110 77810 77810
4120 4120 77800 77800
4130 4130 77790 77790
4140 4140 77780 77780
4150 4150 77770 77770
4160 4160 77760 77760
4170 4170 77750 77750
4180 4180 77740 77740
4190 4190 77730 77730
4200 4200 77720 77720
4210 4210 77710 77710
4220 4220 77700 77700
4230 4230 77690 77690
4240 4240 77680 77680
4250 4250 77670 77670
4260 4260 77660 77660
4270 4270 77650 77650
4280 4280 77640 77640
4290 4290 77630 77630
4300 4300 77620 77620
4310 4310 77610 77610
4320 4320 77600 77600
4330 4330 77590 77590
4340 4340 77580 77580
4350 4350 77570 77570
4360 4360 77560 77560
4370 4370 77550 77550
4380 4380 77540 77540
4390 4390 77530 77530
4400 4400 77520 77520
4410 4410 77510 77510
4420 4420 77500 77500
4430 4430 77490 77490
4440 4440 77480 77480
4450 4450 77470 77470
4460 4460 77460 77460
4470 4470 77450 77450
4480 4480 77440 77440
4490 4490 77430 77430
4500 4500 77420 77420
4510 4510 77410 77410
4520 4520 77400 77400
4530 4530 77390 77390
4540 4540 77380 77380
4550 4550 77370 77370
4560 4560 77360 77360
4570 4570 77350 77350
4580 4580 77340 77340
4590 4590 77330 77330
4600 4600 77320 77320
4610 4610 77310 77310
4620 4620 77300 77300
4630 4630 77290 77290
4640 4640 77280 77280
4650 4650 77270 77270
4660 4660 77260 77260
4670 4670 77250 77250
4680 4680 77240 77240
4690 4690 77230 77230
4700 4700 77220 77220
4710 4710 77210 77210
4720 4720 77200 77200
4730 4730 77190 77190
4740 4740 77180 77180
4750 4750 77170 77170
4760 4760 77160 77160
4770 4770 77150 77150
4780 4780 77140 77140
4790 4790 77130 77130
4800 4800 77120 77120
4810 4810 77110 77110
4820 4820 77100 77100
4830 4830 77090 77090
4840 4840 77080 77080
4850 4850 77070 77070
4860 4860 77060 77060
4870 4870 77050 77050
4880 4880 77040 77040
4890 4890 77030 77030
4900 4900 77020 77020
4910 4910 77010 77010
4920 4920 77000 77000
4930 4930 76990 76990
4940 4940 76980 76980
4950 4950 76970 76970
4960 4960 76960 76960
4970 4970 76950 76950
4980 4980 76940 76940
4990 4990 76930 76930
5000 5000 76920 76920
5010 5010 76910 76910
5020 5020 76900 76900
5030 5030 76890 76890
5040 5040 76880 76880
5050 5050 76870 76870
5060 5060 76860 76860
5070 5070 76850 76850
5080 5080 76840 76840
5090 5090 76830 76830
5100 5100 76820 76820
5110 5110 76810 76810
5120 5120 76800 76800
5130 5130 76790 76790
5140 5140 76780 76780
5150 5150 76770 76770
5160 5160 76760 76760
5170 5170 76750 76750
5180 5180 76740 76740
5190 5190 76730 76730
5200 5200 76720 76720
5210 5210 76710 76710
5220 5220 76700 76700
5230 5230 76690 76690
5240 5240 76680 76680
5250 5250 76670 76670
5260 5260 76660 76660
5270 5270 76650 76650
5280 5280 76640 76640
5290 5290 76630 76630
5300 5300 76620 76620
5310 5310 76610 76610
5320 5320 76600 76600
5330 5330 76590 76590
5340 5340 76580 76580
5350 5350 76570 76570
5360 5360 76560 76560
5370 5370 76550 76550
5380 5380 76540 76540
5390 5390 76530 76530
5400 5400 76520 76520
5410 5410 76510 76510
5420 5420 76500 76500
5430 5430 76490 76490
5440 5440 76480 76480
5450 5450 76470 76470
5460 5460 76460 76460
5470 5470 76450 76450
5480 5480 76440 76440
5490 5490 76430 76430
5500 5500 76420 76420
5510 5510 76410 76410
5520 5520 76400 76400
5530 5530 76390 76390
5540 5540 76380 76380
5550 5550 76370 76370
5560 5560 76360 76360
5570 5570 76350 76350
5580 5580 76340 76340
5590 5590 76330 76330
5600 5600 76320 76320
5610 5610 76310 76310
5620 5620 76300 76300
5630 5630 76290 76290
5640 5640 76280 76280
5650 5650 76270 76270
5660 5660 76260 76260
5670 5670 76250 76250
5680 5680 76240 76240
5690 5690 76230 76230
5700 5700 76220 76220
5710 5710 76210 76210
5720 5720 76200 76200
5730 5730 76190 76190
5740 5740 76180 76180
5750 5750 76170 76170
5760 5760 76160 76160
5770 5770 76150 76150
5780 5780 76140 76140
5790 5790 76130 76130
5800 5800 76120 76120
5810 5810 76110 76110
5820 5820 76100 76100
5830 5830 76090 76090
5840 5840 76080 76080
5850 5850 76070 76070
5860 5860 76060 76060
5870 5870 76050 76050
5880 5880 76040 76040
5890 5890 76030 76030
5900 5900 76020 76020
5910 5910 76010 76010
5920 5920 76000 76000
5930 5930 75990 75990
5940 5940 75980 75980
5950 5950 75970 75970
5960 5960 75960 75960
5970 5970 75950 75950
5980 5980 75940 75940
5990 5990 75930 75930
6000 6000 75920 75920
6010 6010 75910 75910
6020 6020 75900 75900
6030 6030 75890 75890
6040 6040 75880 75880
6050 6050 75870 75870
6060 6060 75860 75860
6070 6070 75850 75850
6080 6080 75840 75840
6090 6090 75830 75830
6100 6100 75820 75820
6110 6110 75810 75810
6120 6120 75800 75800
6130 6130 75790 75790
6140 6140 75780 75780
6150 6150 75770 75770
6160 6160 75760 75760
6170 6170 75750 75750
6180 6180 75740 75740
6190 6190 75730 75730
6200 6200 75720 75720
6210 6210 75710 75710
6220 6220 75700 75700
6230 6230 75690 75690
6240 6240 75680 75680
6250 6250 75670 75670
6260 6260 75660 75660
6270 6270 75650 75650
6280 6280 75640 75640
6290 6290 75630 75630
6300 6300 75620 75620
6310 6310 75610 75610
6320 6320 75600 75600
6330 6330 75590 75590
6340 6340 75580 75580
6350 6350 75570 75570
6360 6360 75560 75560
6370 6370 75550 75550
6380 6380 75540 75540
6390 6390 75530 75530
6400 6400 75520 75520
6410 6410 75510 75510
6420 6420 75500 75500
6430 6430 75490 75490
6440 6440 75480 75480
6450 6450 75470 75470
6460 6460 75460 75460
6470 6470 75450 75450
6480 6480 75440 75440
6490 6490 75430 75430
6500 6500 75420 75420
6510 6510 75410 75410
6520 6520 75400 75400
6530 6530 75390 75390
6540 6540 75380 75380
6550 6550 75370 75370
6560 6560 75360 75360
6570 6570 75350 75350
6580 6580 75340 75340
6590 6590 75330 75330
6600 6600 75320 75320
6610 6610 75310 75310
6620 6620 75300 75300
6630 6630 75290 75290
6640 6640 75280 75280
6650 6650 75270 75270
6660 6660 75260 75260
6670 6670 75250 75250
6680 6680 75240 75240
6690 6690 75230 75230
6700 6700 75220 75220
6710 6710 75210 75210
6720 6720 75200 75200
6730 6730 75190 75190
6740 6740 75180 75180
6750 6750 75170 75170
6760 6760 75160 75160
6770 6770 75150 75150
6780 6780 75140 75140
6790 6790 75130 75130
6800 6800 75120 75120
6810 6810 75110 75110
6820 6820 75100 75100
6830 6830 75090 75090
6840 6840 75080 75080
6850 6850 75070 75070
6860 6860 75060 75060
6870 6870 75050 75050
6880 6880 75040 75040
6890 6890 75030 75030
6900 6900 75020 75020
6910 6910 75010 75010
6920 6920 75000 75000
6930 6930 74990 74990
6940 6940 74980 74980
6950 6950 74970 74970
6960 6960 74960 74960
6970 6970 74950 74950
6980 6980 74940 74940
6990 6990 74930 74930
7000 7000 74920 74920
7010 7010 74910 74910
7020 7020 74900 74900
7030 7030 74890 74890
7040 7040 74880 74880
7050 7050 74870 74870
7060 7060 74860 74860
7070 7070 74850 74850
7080 7080 74840 74840
7090 7090 74830 74830
7100 7100 74820 74820
7110 7110 74810 74810
7120 7120 74800 74800
7130 7130 74790 74790
7140 7140 74780 74780
7150 7150 74770 74770
7160 7160 74760 74760
7170 7170 74750 74750
7180 7180 74740 74740
7190 7190 74730 74730
7200 7200 74720 74720
7210 7210 74710 74710
7220 7220 74700 74700
7230 7230 74690 74690
7240 7240 74680 74680
7250 7250 74670 74670
7260 7260 74660 74660
7270 7270 74650 74650
7280 7280 74640 74640
7290 7290 74630 74630
7300 7300 74620 74620
7310 7310 74610 74610
7320 7320 74600 74600
7330 7330 74590 74590
7340 7340 74580 74580
7350 7350 74570 74570
7360 7360 74560 74560
7370 7370 74550 74550
7380 7380 74540 74540
7390 7390 74530 74530
7400 7400 74520 74520
7410 7410 74510 74510
7420 7420 74500 74500
7430 7430 74490 74490
7440 7440 74480 74480
7450 7450 74470 74470
7460 7460 74460 74460
7470 7470 74450 74450
7480 7480 74440 74440
7490 7490 74430 74430
7500 7500 74420 74420
7510 7510 74410 74410
7520 7520 74400 74400
7530 7530 74390 74390
7540 7540 74380 74380
7550 7550 74370 74370
7560 7560 74360 74360
7570 7570 74350 74350
7580 7580 74340 74340
7590 7590 74330 74330
7600 7600 74320 74320
7610 7610 74310 74310
7620 7620 74300 74300
7630 7630 74290 74290
7640 7640 74280 74280
7650 7650 74270 74270
7660 7660 74260 74260
7670 7670 74250 74250
7680 7680 74240 74240
7690 7690 74230 74230
7700 7700 74220 74220
7710 7710 74210 74210
7720 7720 74200 74200
7730 7730 74190 74190
7740 7740 74180 74180
7750 7750 74170 74170
7760 7760 74160 74160
7770 7770 74150 74150
7780 7780 74140 74140
7790 7790 74130 74130
7800 7800 74120 74120
7810 7810 74110 74110
7820 7820 74100 74100
7830 7830 74090 74090
7840 7840 74080 74080
7850 7850 74070 74070
7860 7860 74060 74060
7870 7870 74050 74050
7880 7880 74040 74040
7890 7890 74030 74030
7900 7900 74020 74020
7910 7910 74010 74010
7920 7920 74000 74000
7930 7930 73990 73990
7940 7940 73980 73980
7950 7950 73970 73970
7960 7960 73960 73960
7970 7970 73950 73950
7980 7980 73940 73940
7990 7990 73930 73930
8000 8000 73920 73920
8010 8010 73910 73910
8020 8020 73900 73900
8030 8030 73890 73890
8040 8040 73880 73880
8050 8050 73870 73870
8060 8060 73860 73860
8070 8070 73850 73850
8080 8080 73840 73840
8090 8090 73830 73830
8100 8100 73820 73820
8110 8110 73810 73810
8120 8120 73800 73800
8130 8130 73790 73790
8140 8140 73780 73780
8150 8150 73770 73770
8160 8160 73760 73760
8170 8170 73750 73750
8180 8180 73740 73740
8190 8190 73730 73730
8200 8200 73720 73720
8210 8210 73710 73710
8220 8220 73700 73700
8230 8230 73690 73690
8240 8240 73680 73680
8250 8250 73670 73670
8260 8260 73660 73660
8270 8270 73650 73650
8280 8280 73640 73640
8290 8290 73630 73630
8300 8300 73620 73620
8310 8310 73610 73610
8320 8320 73600 73600
8330 8330 73590 73590
8340 8340 73580 73580
8350 8350 73570 73570
8360 8360 73560 73560
8370 8370 73550 73550
8380 8380 73540 73540
8390 8390 73530 73530
8400 8400 73520 73520
8410 8410 73510 73510
8420 8420 73500 73500
8430 8430 73490 73490
8440 8440 73480 73480
8450 8450 73470 73470
8460 8460 73460 73460
8470 8470 73450 73450
8480 8480 73440 73440
8490 8490 73430 73430
8500 8500 73420 73420
8510 8510 73410 73410
8520 8520 73400 73400
8530 8530 73390 73390
8540 8540 73380 73380
8550 8550 73370 73370
8560 8560 73360 73360
8570 8570 73350 73350
8580 8580 73340 73340
8590 8590 73330 73330
8600 8600 73320 73320
8610 8610 73310 73310
8620 8620 73300 73300
8630 8630 73290 73290
8640 8640 73280 73280
8650 8650 73270 73270
8660 8660 73260 73260
8670 8670 73250 73250
8680 8680 73240 73240
8690 8690 73230 73230
8700 8700 73220 73220
8710 8710 73210 73210
8720 8720 73200 73200
8730 8730 73190 73190
8740 8740 73180 73180
8750 8750 73170 73170
8760 8760 73160 73160
8770 8770 73150 73150
8780 8780 73140 73140
8790 8790 73130 73130
8800 8800 73120 73120
8810 8810 73110 73110
8820 8820 73100 73100
8830 8830 73090 73090
8840 8840 73080 73080
8850 8850 73070 73070
8860 8860 73060 73060
8870 8870 73050 73050
8880 8880 73040 73040
8890 8890 73030 73030
8900 8900 73020 73020
8910 8910 73010 73010
8920 8920 73000 73000
8930 8930 72990 72990
8940 8940 72980 72980
8950 8950 72970 72970
8960 8960 72960 72960
8970 8970 72950 72950
8980 8980 72940 72940
8990 8990 72930 72930
9000 9000 72920 72920
9010 9010 72910 72910
9020 9020 72900 72900
9030 9030 72890 72890
9040 9040 72880 72880
9050 9050 72870 72870
9060 9060 72860 72860
9070 9070 72850 72850
9080 9080 72840 72840
9090 9090 72830 72830
9100 9100 72820 72820
9110 9110 72810 72810
9120 9120 72800 72800
9130 9130 72790 72790
9140 9140 72780 72780
9150 9150 72770 72770
9160 9160 72760 72760
9170 9170 72750 72750
9180 9180 72740 72740
9190 9190 72730 72730
9200 9200 72720 72720
9210 9210 72710 72710
9220 9220 72700 72700
9230 9230 72690 72690
9240 9240 72680 72680
9250 9250 72670 72670
9260 9260 72660 72660
9270 9270 72650 72650
9280 9280 72640 72640
9290 9290 72630 72630
9300 9300 72620 72620
9310 9310 72610 72610
9320 9320 72600 72600
9330 9330 72590 72590
9340 9340 72580 72580
9350 9350 72570 72570
9360 9360 72560 72560
9370 9370 72550 72550
9380 9380 72540 72540
9390 9390 72530 72530
9400 9400 72520 72520
9410 9410 72510 72510
9420 9420 72500 72500
9430 9430 72490 72490
9440 9440 72480 72480
9450 9450 72470 72470
9460 9460 72460 72460
9470 9470 72450 72450
9480 9480 72440 72440
9490 9490 72430 72430
9500 9500 72420 72420
9510 9510 72410 72410
9520 9520 72400 72400
9530 9530 72390 72390
9540 9540 72380 72380
9550 9550 72370 72370
9560 9560 72360 72360
9570 9570 72350 72350
9580 9580 72340 72340
9590 9590 72330 72330
9600 9600 72320 72320
9610 9610 72310 72310
9620 9620 72300 72300
9630 9630 72290 72290
9640 9640 72280 72280
9650 9650 72270 72270
9660 9660 72260 72260
9670 9670 72250 72250
9680 9680 72240 72240
9690 9690 72230 72230
9700 9700 72220 72220
9710 9710 72210 72210
9720 9720 72200 72200
9730 9730 72190 72190
9740 9740 72180 72180
9750 9750 72170 72170
9760 9760 72160 72160
9770 9770 72150 72150
9780 9780 72140 72140
9790 9790 72130 72130
9800 9800 72120 72120
9810 9810 72110 72110
9820 9820 72100 72100
9830 9830 72090 72090
9840 9840 72080 72080
9850 9850 72070 72070
9860 9860 72060 72060
9870 9870 72050 72050
9880 9880 72040 72040
9890 9890 72030 72030
9900 9900 72020 72020
9910 9910 72010 72010
9920 9920 72000 72000
9930 9930 71990 71990
9940 9940 71980 71980
9950 9950 71970 71970
9960 9960 71960 71960
9970 9970 71950 71950
9980 9980 71940 71940
9990 9990 71930 71930
10000 10000 71920 71920
10010 10010 71910 71910
10020 10020 71900 71900
10030 10030 71890 71890
10040 10040 71880 71880
10050 10050 71870 71870
10060 10060 71860 71860
10070 10070 71850 71850
10080 10080 71840 71840
10090 10090 71830 71830
10100 10100 71820 71820
10110 10110 71810 71810
10120 10120 71800 71800
10130 10130 71790 71790
10140 10140 71780 71780
10150 10150 71770 71770
10160 10160 71760 71760
10170 10170 71750 71750
10180 10180 71740 71740
10190 10190 71730 71730
10200 10200 71720 71720
10210 10210 71710 71710
10220 10220 71700 71700
10230 10230 71690 71690
10240 10240 71680 71680
10250 10250 71670 71670
10260 10260 71660 71660
10270 10270 71650 71650
10280 10280 71640 71640
10290 10290 71630 71630
10300 10300 71620 71620
10310 10310 71610 71610
10320 10320 71600 71600
10330 10330 71590 71590
10340 10340 71580 71580
10350 10350 71570 71570
10360 10360 71560 71560
10370 10370 71550 71550
10380 10380 71540 71540
10390 10390 71530 71530
10400 10400 71520 71520
10410 10410 71510 71510
10420 10420 71500 71500
10430 10430 71490 71490
10440 10440 71480 71480
10450 10450 71470 71470
10460 10460 71460 71460
10470 10470 71450 71450
10480 10480 71440 71440
10490 10490 71430 71430
10500 10500 71420 71420
10510 10510 71410 71410
10520 10520 71400 71400
10530 10530 71390 71390
10540 10540 71380 71380
10550 10550 71370 71370
10560 10560 71360 71360
10570 10570 71350 71350
10580 10580 71340 71340
10590 10590 71330 71330
10600 10600 71320 71320
10610 10610 71310 71310
10620 10620 71300 71300
10630 10630 71290 71290
10640 10640 71280 71280
10650 10650 71270 71270
10660 10660 71260 71260
10670 10670 71250 71250
10680 10680 71240 71240
10690 10690 71230 71230
10700 10700 71220 71220
10710 10710 71210 71210
10720 10720 71200 71200
10730 10730 71190 71190
10740 10740 71180 71180
10750 10750 71170 71170
10760 10760 71160 71160
10770 10770 71150 71150
10780 10780 71140 71140
10790 10790 71130 71130
10800 10800 71120 71120
10810 10810 71110 71110
10820 10820 71100 71100
10830 10830 71090 71090
10840 10840 71080 71080
10850 10850 71070 71070
10860 10860 71060 71060
10870 10870 71050 71050
10880 10880 71040 71040
10890 10890 71030 71030
10900 10900 71020 71020
10910 10910 71010 71010
10920 10920 71000 71000
10930 10930 70990 70990
10940 10940 70980 70980
10950 10950 70970 70970
10960 10960 70960 70960
10970 10970 70950 70950
10980 10980 70940 70940
10990 10990 70930 70930
11000 11000 70920 70920
11010 11010 70910 70910
11020 11020 70900 70900
11030 11030 70890 70890
11040 11040 70880 70880
11050 11050 70870 70870
11060 11060 70860 70860
11070 11070 70850 70850
11080 11080 70840 70840
11090 11090 70830 70830
11100 11100 70820 70820
11110 11110 70810 70810
11120 11120 70800 70800
11130 11130 70790 70790
11140 11140 70780 70780
11150 11150 70770 70770
11160 11160 70760 70760
11170 11170 70750 70750
11180 11180 70740 70740
11190 11190 70730 70730
11200 11200 70720 70720
11210 11210 70710 70710
11220 11220 70700 70700
11230 11230 70690 70690
11240 11240 70680 70680
11250 11250 70670 70670
11260 11260 70660 70660
11270 11270 70650 70650
11280 11280 70640 70640
11290 11290 70630 70630
11300 11300 70620 70620
11310 11310 70610 70610
11320 11320 70600 70600
11330 11330 70590 70590
11340 11340 70580 70580
11350 11350 70570 70570
11360 11360 70560 70560
11370 11370 70550 70550
11380 11380 70540 70540
11390 11390 70530 70530
11400 11400 70520 70520
11410 11410 70510 70510
11420 11420 70500 70500
11430 11430 70490 70490
11440 11440 70480 70480
11450 11450 70470 70470
11460 11460 70460 70460
11470 11470 70450 70450
11480 11480 70440 70440
11490 11490 70430 70430
11500 11500 70420 70420
11510 11510 70410 70410
11520 11520 70400 70400
11530 11530 70390 70390
11540 11540 70380 70380
11550 11550 70370 70370
11560 11560 70360 70360
11570 11570 70350 70350
11580 11580 70340 70340
11590 11590 70330 70330
11600 11600 70320 70320
11610 11610 70310 70310
11620 11620 70300 70300
11630 11630 70290 70290
11640 11640 70280 70280
11650 11650 70270 70270
11660 11660 70260 70260
11670 11670 70250 70250
11680 11680 70240 70240
11690 11690 70230 70230
11700 11700 70220 70220
11710 11710 70210 70210
11720 11720 70200 70200
11730 11730 70190 70190
11740 11740 70180 70180
11750 11750 70170 70170
11760 11760 70160 70160
11770 11770 70150 70150
11780 11780 70140 70140
11790 11790 70130 70130
11800 11800 70120 70120
11810 11810 70110 70110
11820 11820 70100 70100
11830 11830 70090 70090
11840 11840 70080 70080
11850 11850 70070 70070
11860 11860 70060 70060
11870 11870 70050 70050
11880 11880 70040 70040
11890 11890 70030 70030
11900 11900 70020 70020
11910 11910 70010 70010
11920 11920 70000 70000
11930 11930 69990 69990
11940 11940 69980 69980
11950 11950 69970 69970
11960 11960 69960 69960
11970 11970 69950 69950
11980 11980 69940 69940
11990 11990 69930 69930
12000 12000 69920 69920
12010 12010 69910 69910
12020 12020 69900 69900
12030 12030 69890 69890
12040 12040 69880 69880
12050 12050 69870 69870
12060 12060 69860 69860
12070 12070 69850 69850
12080 12080 69840 69840
12090 12090 69830 69830
12100 12100 69820 69820
12110 12110 69810 69810
12120 12120 69800 69800
12130 12130 69790 69790
12140 12140 69780 69780
12150 12150 69770 69770
12160 12160 69760 69760
12170 12170 69750 69750
12180 12180 69740 69740
12190 12190 69730 69730
12200 12200 69720 69720
12210 12210 69710 69710
12220 12220 69700 69700
12230 12230 69690 69690
12240 12240 69680 69680
12250 12250 69670 69670
12260 12260 69660 69660
12270 12270 69650 69650
12280 12280 69640 69640
12290 12290 69630 69630
12300 12300 69620 69620
12310 12310 69610 69610
12320 12320 69600 69600
12330 12330 69590 69590
12340 12340 69580 69580
12350 12350 69570 69570
12360 12360 69560 69560
12370 12370 69550 69550
12380 12380 69540 69540
12390 12390 69530 69530
12400 12400 69520 69520
12410 12410 69510 69510
12420 12420 69500 69500
12430 12430 69490 69490
12440 12440 69480 69480
12450 12450 69470 69470
12460 12460 69460 69460
12470 12470 69450 69450
12480 12480 69440 69440
12490 12490 69430 69430
12500 12500 69420 69420
12510 12510 69410 69410
12520 12520 69400 69400
12530 12530 69390 69390
12540 12540 69380 69380
12550 12550 69370 69370
12560 12560 69360 69360
12570 12570 69350 69350
12580 12580 69340 69340
12590 12590 69330 69330
12600 12600 69320 69320
12610 12610 69310 69310
12620 12620 69300 69300
12630 12630 69290 69290
12640 12640 69280 69280
12650 12650 69270 69270
12660 12660 69260 69260
12670 12670 69250 69250
12680 12680 69240 69240
12690 12690 69230 69230
12700 12700 69220 69220
12710 12710 69210 69210
12720 12720 69200 69200
12730 12730 69190 69190
12740 12740 69180 69180
12750 12750 69170 69170
12760 12760 69160 69160
12770 12770 69150 69150
12780 12780 69140 69140
12790 12790 69130 69130
12800 12800 69120 69120
12810 12810 69110 69110
12820 12820 69100 69100
12830 12830 69090 69090
12840 12840 69080 69080
12850 12850 69070 69070
12860 12860 69060 69060
12870 12870 69050 69050
12880 12880 69040 69040
12890 12890 69030 69030
12900 12900 69020 69020
12910 12910 69010 69010
12920 12920 69000 69000
12930 12930 68990 68990
12940 12940 68980 68980
12950 12950 68970 68970
12960 12960 68960 68960
12970 12970 68950 68950
12980 12980 68940 68940
12990 12990 68930 68930
13000 13000 68920 68920
13010 13010 68910 68910
13020 13020 68900 68900
13030 13030 68890 68890
13040 13040 68880 68880
13050 13050 68870 68870
13060 13060 68860 68860
13070 13070 68850 68850
13080 13080 68840 68840
13090 13090 68830 68830
13100 13100 68820 68820
13110 13110 68810 68810
13120 13120 68800 68800
13130 13130 68790 68790
13140 13140 68780 68780
13150 13150 68770 68770
13160 13160 68760 68760
13170 13170 68750 68750
13180 13180 68740 68740
13190 13190 68730 68730
13200 13200 68720 68720
13210 13210 68710 68710
13220 13220 68700 68700
13230 13230 68690 68690
13240 13240 68680 68680
13250 13250 68670 68670
13260 13260 68660 68660
13270 13270 68650 68650
13280 13280 68640 68640
13290 13290 68630 68630
13300 13300 68620 68620
13310 13310 68610 68610
13320 13320 68600 68600
13330 13330 68590 68590
13340 13340 68580 68580
13350 13350 68570 68570
13360 13360 68560 68560
13370 13370 68550 68550
13380 13380 68540 68540
13390 13390 68530 68530
13400 13400 68520 68520
13410 13410 68510 68510
13420 13420 68500 68500
13430 13430 68490 68490
13440 13440 68480 68480
13450 13450 68470 68470
13460 13460 68460 68460
13470 13470 68450 68450
13480 13480 68440 68440
13490 13490 68430 68430
13500 13500 68420 68420
13510 13510 68410 68410
13520 13520 68400 68400
13530 13530 68390 68390
13540 13540 68380 68380
13550 13550 68370 68370
13560 13560 68360 68360
13570 13570 68350 68350
13580 13580 68340 68340
13590 13590 68330 68330
13600 13600 68320 68320
13610 13610 68310 68310
13620 13620 68300 68300
13630 13630 68290 68290
13640 13640 68280 68280
13650 13650 68270 68270
13660 13660 68260 68260
13670 13670 68250 68250
13680 13680 68240 68240
13690 13690 68230 68230
13700 13700 68220 68220
13710 13710 68210 68210
13720 13720 68200 68200
13730 13730 68190 68190
13740 13740 68180 68180
13750 13750 68170 68170
13760 13760 68160 68160
13770 13770 68150 68150
13780 13780 68140 68140
13790 13790 68130 68130
13800 13800 68120 68120
13810 13810 68110 68110
13820 13820 68100 68100
13830 13830 68090 68090
13840 13840 68080 68080
13850 13850 68070 68070
13860 13860 68060 68060
13870 13870 68050 68050
13880 13880 68040 68040
13890 13890 68030 68030
13900 13900 68020 68020
13910 13910 68010 68010
13920 13920 68000 68000
13930 13930 67990 67990
13940 13940 67980 67980
13950 13950 67970 67970
13960 13960 67960 67960
13970 13970 67950 67950
13980 13980 67940 67940
13990 13990 67930 67930
14000 14000 67920 67920
14010 14010 67910 67910
14020 14020 67900 67900
14030 14030 67890 67890
14040 14040 67880 67880
14050 14050 67870 67870
14060 14060 67860 67860
14070 14070 67850 67850
14080 14080 67840 67840
14090 14090 67830 67830
14100 14100 67820 67820
14110 14110 67810 67810
14120 14120 67800 67800
14130 14130 67790 67790
14140 14140 67780 67780
14150 14150 67770 67770
14160 14160 67760 67760
14170 14170 67750 67750
14180 14180 67740 67740
14190 14190 67730 67730
14200 14200 67720 67720
14210 14210 67710 67710
14220 14220 67700 67700
14230 14230 67690 67690
14240 14240 67680 67680
14250 14250 67670 67670
14260 14260 67660 67660
14270 14270 67650 67650
14280 14280 67640 67640
14290 14290 67630 67630
14300 14300 67620 67620
14310 14310 67610 67610
14320 14320 67600 67600
14330 14330 67590 67590
14340 14340 67580 67580
14350 14350 67570 67570
14360 14360 67560 67560
14370 14370 67550 67550
14380 14380 67540 67540
14390 14390 67530 67530
14400 14400 67520 67520
14410 14410 67510 67510
14420 14420 67500 67500
14430 14430 67490 67490
14440 14440 67480 67480
14450 14450 67470 67470
14460 14460 67460 67460
14470 14470 67450 67450
14480 14480 67440 67440
14490 14490 67430 67430
14500 14500 67420 67420
14510 14510 67410 67410
14520 14520 67400 67400
14530 14530 67390 67390
14540 14540 67380 67380
14550 14550 67370 67370
14560 14560 67360 67360
14570 14570 67350 67350
14580 14580 67340 67340
14590 14590 67330 67330
14600 14600 67320 67320
14610 14610 67310 67310
14620 14620 67300 67300
14630 14630 67290 67290
14640 14640 67280 67280
14650 14650 67270 67270
14660 14660 67260 67260
14670 14670 67250 67250
14680 14680 67240 67240
14690 14690 67230 67230
14700 14700 67220 67220
14710 14710 67210 67210
14720 14720 67200 67200
14730 14730 67190 67190
14740 14740 67180 67180
14750 14750 67170 67170
14760 14760 67160 67160
14770 14770 67150 67150
14780 14780 67140 67140
14790 14790 67130 67130
14800 14800 67120 67120
14810 14810 67110 67110
14820 14820 67100 67100
14830 14830 67090 67090
14840 14840 67080 67080
14850 14850 67070 67070
14860 14860 67060 67060
14870 14870 67050 67050
14880 14880 67040 67040
14890 14890 67030 67030
14900 14900 67020 67020
14910 14910 67010 67010
14920 14920 67000 67000
14930 14930 66990 66990
14940 14940 66980 66980
14950 14950 66970 66970
14960 14960 66960 66960
14970 14970 66950 66950
14980 14980 66940 66940
14990 14990 66930 66930
15000 15000 66920 66920
15010 15010 66910 66910
15020 15020 66900 66900
15030 15030 66890 66890
15040 15040 66880 66880
15050 15050 66870 66870
15060 15060 66860 66860
15070 15070 66850 66850
15080 15080 66840 66840
15090 15090 66830 66830
15100 15100 66820 66820
15110 15110 66810 66810
15120 15120 66800 66800
15130 15130 66790 66790
15140 15140 66780 66780
15150 15150 66770 66770
15160 15160 66760 66760
15170 15170 66750 66750
15180 15180 66740 66740
15190 15190 66730 66730
15200 15200 66720 66720
15210 15210 66710 66710
15220 15220 66700 66700
15230 15230 66690 66690
15240 15240 66680 66680
15250 15250 66670 66670
15260 15260 66660 66660
15270 15270 66650 66650
15280 15280 66640 66640
15290 15290 66630 66630
15300 15300 66620 66620
15310 15310 66610 66610
15320 15320 66600 66600
15330 15330 66590 66590
15340 15340 66580 66580
15350 15350 66570 66570
15360 15360 66560 66560
15370 15370 66550 66550
15380 15380 66540 66540
15390 15390 66530 66530
15400 15400 66520 66520
15410 15410 66510 66510
15420 15420 66500 66500
15430 15430 66490 66490
15440 15440 66480 66480
15450 15450 66470 66470
15460 15460 66460 66460
15470 15470 66450 66450
15480 15480 66440 66440
15490 15490 66430 66430
15500 15500 66420 66420
15510 15510 66410 66410
15520 15520 66400 66400
15530 15530 66390 66390
15540 15540 66380 66380
15550 15550 66370 66370
15560 15560 66360 66360
15570 15570 66350 66350
15580 15580 66340 66340
15590 15590 66330 66330
15600 15600 66320 66320
15610 15610 66310 66310
15620 15620 66300 66300
15630 15630 66290 66290
15640 15640 66280 66280
15650 15650 66270 66270
15660 15660 66260 66260
15670 15670 66250 66250
15680 15680 66240 66240
15690 15690 66230 66230
15700 15700 66220 66220
15710 15710 66210 66210
15720 15720 66200 66200
15730 15730 66190 66190
15740 15740 66180 66180
15750 15750 66170 66170
15760 15760 66160 66160
15770 15770 66150 66150
15780 15780 66140 66140
15790 15790 66130 66130
15800 15800 66120 66120
15810 15810 66110 66110
15820 15820 66100 66100
15830 15830 66090 66090
15840 15840 66080 66080
15850 15850 66070 66070
15860 15860 66060 66060
15870 15870 66050 66050
15880 15880 66040 66040
15890 15890 66030 66030
15900 15900 66020 66020
15910 15910 66010 66010
15920 15920 66000 66000
15930 15930 65990 65990
15940 15940 65980 65980
15950 15950 65970 65970
15960 15960 65960 65960
15970 15970 65950 65950
15980 15980 65940 65940
15990 15990 65930 65930
16000 16000 65920 65920
16010 16010 65910 65910
16020 16020 65900 65900
16030 16030 65890 65890
16040 16040 65880 65880
16050 16050 65870 65870
16060 16060 65860 65860
16070 16070 65850 65850
16080 16080 65840 65840
16090 16090 65830 65830
16100 16100 65820 65820
16110 16110 65810 65810
16120 16120 65800 65800
16130 16130 65790 65790
16140 16140 65780 65780
16150 16150 65770 65770
16160 16160 65760 65760
16170 16170 65750 65750
16180 16180 65740 65740
16190 16190 65730 65730
16200 16200 65720 65720
16210 16210 65710 65710
16220 16220 65700 65700
16230 16230 65690 65690
16240 16240 65680 65680
16250 16250 65670 65670
16260 16260 65660 65660
16270 16270 65650 65650
16280 16280 65640 65640
16290 16290 65630 65630
16300 16300 65620 65620
16310 16310 65610 65610
16320 16320 65600 65600
16330 16330 65590 65590
16340 16340 65580 65580
16350 16350 65570 65570
16360 16360 65560 65560
16370 16370 65550 65550
16380 16380 65540 65540
16390 16390 65530 65530
16400 16400 65520 65520
16410 16410 65510 65510
16420 16420 65500 65500
16430 16430 65490 65490
16440 16440 65480 65480
16450 16450 65470 65470
16460 16460 65460 65460
16470 16470 65450 65450
16480 16480 65440 65440
16490 16490 65430 65430
16500 16500 65420 65420
16510 16510 65410 65410
16520 16520 65400 65400
16530 16530 65390 65390
16540 16540 65380 65380
16550 16550 65370 65370
16560 16560 65360 65360
16570 16570 65350 65350
16580 16580 65340 65340
16590 16590 65330 65330
16600 16600 65320 65320
16610 16610 65310 65310
16620 16620 65300 65300
16630 16630 65290 65290
16640 16640 65280 65280
16650 16650 65270 65270
16660 16660 65260 65260
16670 16670 65250 65250
16680 16680 65240 65240
16690 16690 65230 65230
16700 16700 65220 65220
16710 16710 65210 65210
16720 16720 65200 65200
16730 16730 65190 65190
16740 16740 65180 65180
16750 16750 65170 65170
16760 16760 65160 65160
16770 16770 65150 65150
16780 16780 65140 65140
16790 16790 65130 65130
16800 16800 65120 65120
16810 16810 65110 65110
16820 16820 65100 65100
16830 16830 65090 65090
16840 16840 65080 65080
16850 16850 65070 65070
16860 16860 65060 65060
16870 16870 65050 65050
16880 16880 65040 65040
16890 16890 65030 65030
16900 16900 65020 65020
16910 16910 65010 65010
16920 16920 65000 65000
16930 16930 64990 64990
16940 16940 64980 64980
16950 16950 64970 64970
16960 16960 64960 64960
16970 16970 64950 64950
16980 16980 64940 64940
16990 16990 64930 64930
17000 17000 64920 64920
17010 17010 64910 64910
17020 17020 64900 64900
17030 17030 64890 64890
17040 17040 64880 64880
17050 17050 64870 64870
17060 17060 64860 64860
17070 17070 64850 64850
17080 17080 64840 64840
17090 17090 64830 64830
17100 17100 64820 64820
17110 17110 64810 64810
17120 17120 64800 64800
17130 17130 64790 64790
17140 17140 64780 64780
17150 17150 64770 64770
17160 17160 64760 64760
17170 17170 64750 64750
17180 17180 64740 64740
17190 17190 64730 64730
17200 17200 64720 64720
17210 17210 64710 64710
17220 17220 64700 64700
17230 17230 64690 64690
17240 17240 64680 64680
17250 17250 64670 64670
17260 17260 64660 64660
17270 17270 64650 64650
17280 17280 64640 64640
17290 17290 64630 64630
17300 17300 64620 64620
17310 17310 64610 64610
17320 17320 64600 64600
17330 17330 64590 64590
17340 17340 64580 64580
17350 17350 64570 64570
17360 17360 64560 64560
17370 17370 64550 64550
17380 17380 64540 64540
17390 17390 64530 64530
17400 17400 64520 64520
17410 17410 64510 64510
17420 17420 64500 64500
17430 17430 64490 64490
17440 17440 64480 64480
17450 17450 64470 64470
17460 17460 64460 64460
17470 17470 64450 64450
17480 17480 64440 64440
17490 17490 64430 64430
17500 17500 64420 64420
17510 17510 64410 64410
17520 17520 64400 64400
17530 17530 64390 64390
17540 17540 64380 64380
17550 17550 64370 64370
17560 17560 64360 64360
17570 17570 64350 64350
17580 17580 64340 64340
17590 17590 64330 64330
17600 17600 64320 64320
17610 17610 64310 64310
17620 17620 64300 64300
17630 17630 64290 64290
17640 17640 64280 64280
17650 17650 64270 64270
17660 17660 64260 64260
17670 17670 64250 64250
17680 17680 64240 64240
17690 17690 64230 64230
17700 17700 64220 64220
17710 17710 64210 64210
17720 17720 64200 64200
17730 17730 64190 64190
17740 17740 64180 64180
17750 17750 64170 64170
17760 17760 64160 64160
17770 17770 64150 64150
17780 17780 64140 64140
17790 17790 64130 64130
17800 17800 64120 64120
17810 17810 64110 64110
17820 17820 64100 64100
17830 17830 64090 64090
17840 17840 64080 64080
17850 17850 64070 64070
17860 17860 64060 64060
17870 17870 64050 64050
17880 17880 64040 64040
17890 17890 64030 64030
17900 17900 64020 64020
17910 17910 64010 64010
17920 17920 64000 64000
17930 17930 63990 63990
17940 17940 63980 63980
17950 17950 63970 63970
17960 17960 63960 63960
17970 17970 63950 63950
17980 17980 63940 63940
17990 17990 63930 63930
18000 18000 63920 63920
18010 18010 63910 63910
18020 18020 63900 63900
18030 18030 63890 63890
18040 18040 63880 63880
18050 18050 63870 63870
18060 18060 63860 63860
18070 18070 63850 63850
18080 18080 63840 63840
18090 18090 63830 63830
18100 18100 63820 63820
18110 18110 63810 63810
18120 18120 63800 63800
18130 18130 63790 63790
18140 18140 63780 63780
18150 18150 63770 63770
18160 18160 63760 63760
18170 18170 63750 63750
18180 18180 63740 63740
18190 18190 63730 63730
18200 18200 63720 63720
18210 18210 63710 63710
18220 18220 63700 63700
18230 18230 63690 63690
18240 18240 63680 63680
18250 18250 63670 63670
18260 18260 63660 63660
18270 18270 63650 63650
18280 18280 63640 63640
18290 18290 63630 63630
18300 18300 63620 63620
18310 18310 63610 63610
18320 18320 63600 63600
18330 18330 63590 63590
18340 18340 63580 63580
18350 18350 63570 63570
18360 18360 63560 63560
18370 18370 63550 63550
18380 18380 63540 63540
18390 18390 63530 63530
18400 18400 63520 63520
18410 18410 63510 63510
18420 18420 63500 63500
18430 18430 63490 63490
18440 18440 63480 63480
18450 18450 63470 63470
18460 18460 63460 63460
18470 18470 63450 63450
18480 18480 63440 63440
18490 18490 63430 63430
18500 18500 63420 63420
18510 18510 63410 63410
18520 18520 63400 63400
18530 18530 63390 63390
18540 18540 63380 63380
18550 18550 63370 63370
18560 18560 63360 63360
18570 18570 63350 63350
18580 18580 63340 63340
18590 18590 63330 63330
18600 18600 63320 63320
18610 18610 63310 63310
18620 18620 63300 63300
18630 18630 63290 63290
18640 18640 63280 63280
18650 18650 63270 63270
18660 18660 63260 63260
18670 18670 63250 63250
18680 18680 63240 63240
18690 18690 63230 63230
18700 18700 63220 63220
18710 18710 63210 63210
18720 18720 63200 63200
18730 18730 63190 63190
18740 18740 63180 63180
18750 18750 63170 63170
18760 18760 63160 63160
18770 18770 63150 63150
18780 18780 63140 63140
18790 18790 63130 63130
18800 18800 63120 63120
18810 18810 63110 63110
18820 18820 63100 63100
18830 18830 63090 63090
18840 18840 63080 63080
18850 18850 63070 63070
18860 18860 63060 63060
18870 18870 63050 63050
18880 18880 63040 63040
18890 18890 63030 63030
18900 18900 63020 63020
18910 18910 63010 63010
18920 18920 63000 63000
18930 18930 62990 62990
18940 18940 62980 62980
18950 18950 62970 62970
18960 18960 62960 62960
18970 18970 62950 62950
18980 18980 62940 62940
18990 18990 62930 62930
19000 19000 62920 62920
19010 19010 62910 62910
19020 19020 62900 62900
19030 19030 62890 62890
19040 19040 62880 62880
19050 19050 62870 62870
19060 19060 62860 62860
19070 19070 62850 62850
19080 19080 62840 62840
19090 19090 62830 62830
19100 19100 62820 62820
19110 19110 62810 62810
19120 19120 62800 62800
19130 19130 62790 62790
19140 19140 62780 62780
19150 19150 62770 62770
19160 19160 62760 62760
19170 19170 62750 62750
19180 19180 62740 62740
19190 19190 62730 62730
19200 19200 62720 62720
19210 19210 62710 62710
19220 19220 62700 62700
19230 19230 62690 62690
19240 19240 62680 62680
19250 19250 62670 62670
19260 19260 62660 62660
19270 19270 62650 62650
19280 19280 62640 62640
19290 19290 62630 62630
19300 19300 62620 62620
19310 19310 62610 62610
19320 19320 62600 62600
19330 19330 62590 62590
19340 19340 62580 62580
19350 19350 62570 62570
19360 19360 62560 62560
19370 19370 62550 62550
19380 19380 62540 62540
19390 19390 62530 62530
19400 19400 62520 62520
19410 19410 62510 62510
19420 19420 62500 62500
19430 19430 62490 62490
19440 19440 62480 62480
19450 19450 62470 62470
19460 19460 62460 62460
19470 19470 62450 62450
19480 19480 62440 62440
19490 19490 62430 62430
19500 19500 62420 62420
19510 19510 62410 62410
19520 19520 62400 62400
19530 19530 62390 62390
19540 19540 62380 62380
19550 19550 62370 62370
19560 19560 62360 62360
19570 19570 62350 62350
19580 19580 62340 62340
19590 19590 62330 62330
19600 19600 62320 62320
19610 19610 62310 62310
19620 19620 62300 62300
19630 19630 62290 62290
19640 19640 62280 62280
19650 19650 62270 62270
19660 19660 62260 62260
19670 19670 62250 62250
19680 19680 62240 62240
19690 19690 62230 62230
19700 19700 62220 62220
19710 19710 62210 62210
19720 19720 62200 62200
19730 19730 62190 62190
19740 19740 62180 62180
19750 19750 62170 62170
19760 19760 62160 62160
19770 19770 62150 62150
19780 19780 62140 62140
19790 19790 62130 62130
19800 19800 62120 62120
19810 19810 62110 62110
19820 19820 62100 62100
19830 19830 62090 62090
19840 19840 62080 62080
19850 19850 62070 62070
19860 19860 62060 62060
19870 19870 62050 62050
19880 19880 62040 62040
19890 19890 62030 62030
19900 19900 62020 62020
19910 19910 62010 62010
19920 19920 62000 62000
19930 19930 61990 61990
19940 19940 61980 61980
19950 19950 61970 61970
19960 19960 61960 61960
19970 19970 61950 61950
19980 19980 61940 61940
19990 19990 61930 61930
20000 20000 61920 61920
20010 20010 61910 61910
20020 20020 61900 61900
20030 20030 61890 61890
20040 20040 61880 61880
20050 20050 61870 61870
20060 20060 61860 61860
20070 20070 61850 61850
20080 20080 61840 61840
20090 20090 61830 61830
20100 20100 61820 61820
20110 20110 61810 61810
20120 20120 61800 61800
20130 20130 61790 61790
20140 20140 61780 61780
20150 20150 61770 61770
20160 20160 61760 61760
20170 20170 61750 61750
20180 20180 61740 61740
20190 20190 61730 61730
20200 20200 61720 61720
20210 20210 61710 61710
20220 20220 61700 61700
20230 20230 61690 61690
20240 20240 61680 61680
20250 20250 61670 61670
20260 20260 61660 61660
20270 20270 61650 61650
20280 20280 61640 61640
20290 20290 61630 61630
20300 20300 61620 61620
20310 20310 61610 61610
20320 20320 61600 61600
20330 20330 61590 61590
20340 20340 61580 61580
20350 20350 61570 61570
20360 20360 61560 61560
20370 20370 61550 61550
20380 20380 61540 61540
20390 20390 61530 61530
20400 20400 61520 61520
20410 20410 61510 61510
20420 20420 61500 61500
20430 20430 61490 61490
20440 20440 61480 61480
20450 20450 61470 61470
20460 20460 61460 61460
20470 20470 61450 61450
20480 20480 61440 61440
20490 20490 61430 61430
20500 20500 61420 61420
20510 20510 61410 61410
20520 20520 61400 61400
20530 20530 61390 61390
20540 20540 61380 61380
20550 20550 61370 61370
20560 20560 61360 61360
20570 20570 61350 61350
20580 20580 61340 61340
20590 20590 61330 61330
20600 20600 61320 61320
20610 20610 61310 61310
20620 20620 61300 61300
20630 20630 61290 61290
20640 20640 61280 61280
20650 20650 61270 61270
20660 20660 61260 61260
20670 20670 61250 61250
20680 20680 61240 61240
20690 20690 61230 61230
20700 20700 61220 61220
20710 20710 61210 61210
20720 20720 61200 61200
20730 20730 61190 61190
20740 20740 61180 61180
20750 20750 61170 61170
20760 20760 61160 61160
20770 20770 61150 61150
20780 20780 61140 61140
20790 20790 61130 61130
20800 20800 61120 61120
20810 20810 61110 61110
20820 20820 61100 61100
20830 20830 61090 61090
20840 20840 61080 61080
20850 20850 61070 61070
20860 20860 61060 61060
20870 20870 61050 61050
20880 20880 61040 61040
20890 20890 61030 61030
20900 20900 61020 61020
20910 20910 61010 61010
20920 20920 61000 61000
20930 20930 60990 60990
20940 20940 60980 60980
20950 20950 60970 60970
20960 20960 60960 60960
20970 20970 60950 60950
20980 20980 60940 60940
20990 20990 60930 60930
21000 21000 60920 60920
21010 21010 60910 60910
21020 21020 60900 60900
21030 21030 60890 60890
21040 21040 60880 60880
21050 21050 60870 60870
21060 21060 60860 60860
21070 21070 60850 60850
21080 21080 60840 60840
21090 21090 60830 60830
21100 21100 60820 60820
21110 21110 60810 60810
21120 21120 60800 60800
21130 21130 60790 60790
21140 21140 60780 60780
21150 21150 60770 60770
21160 21160 60760 60760
21170 21170 60750 60750
21180 21180 60740 60740
21190 21190 60730 60730
21200 21200 60720 60720
21210 21210 60710 60710
21220 21220 60700 60700
21230 21230 60690 60690
21240 21240 60680 60680
21250 21250 60670 60670
21260 21260 60660 60660
21270 21270 60650 60650
21280 21280 60640 60640
21290 21290 60630 60630
21300 21300 60620 60620
21310 21310 60610 60610
21320 21320 60600 60600
21330 21330 60590 60590
21340 21340 60580 60580
21350 21350 60570 60570
21360 21360 60560 60560
21370 21370 60550 60550
21380 21380 60540 60540
21390 21390 60530 60530
21400 21400 60520 60520
21410 21410 60510 60510
21420 21420 60500 60500
21430 21430 60490 60490
21440 21440 60480 60480
21450 21450 60470 60470
21460 21460 60460 60460
21470 21470 60450 60450
21480 21480 60440 60440
21490 21490 60430 60430
21500 21500 60420 60420
21510 21510 60410 60410
21520 21520 60400 60400
21530 21530 60390 60390
21540 21540 60380 60380
21550 21550 60370 60370
21560 21560 60360 60360
21570 21570 60350 60350
21580 21580 60340 60340
21590 21590 60330 60330
21600 21600 60320 60320
21610 21610 60310 60310
21620 21620 60300 60300
21630 21630 60290 60290
21640 21640 60280 60280
21650 21650 60270 60270
21660 21660 60260 60260
21670 21670 60250 60250
21680 21680 60240 60240
21690 21690 60230 60230
21700 21700 60220 60220
21710 21710 60210 60210
21720 21720 60200 60200
21730 21730 60190 60190
21740 21740 60180 60180
21750 21750 60170 60170
21760 21760 60160 60160
21770 21770 60150 60150
21780 21780 60140 60140
21790 21790 60130 60130
21800 21800 60120 60120
21810 21810 60110 60110
21820 21820 60100 60100
21830 21830 60090 60090
21840 21840 60080 60080
21850 21850 60070 60070
21860 21860 60060 60060
21870 21870 60050 60050
21880 21880 60040 60040
21890 21890 60030 60030
21900 21900 60020 60020
21910 21910 60010 60010
21920 21920 60000 60000
21930 21930 59990 59990
21940 21940 59980 59980
21950 21950 59970 59970
21960 21960 59960 59960
21970 21970 59950 59950
21980 21980 59940 59940
21990 21990 59930 59930
22000 22000 59920 59920
22010 22010 59910 59910
22020 22020 59900 59900
22030 22030 59890 59890
22040 22040 59880 59880
22050 22050 59870 59870
22060 22060 59860 59860
22070 22070 59850 59850
22080 22080 59840 59840
22090 22090 59830 59830
22100 22100 59820 59820
22110 22110 59810 59810
22120 22120 59800 59800
22130 22130 59790 59790
22140 22140 59780 59780
22150 22150 59770 59770
22160 22160 59760 59760
22170 22170 59750 59750
22180 22180 59740 59740
22190 22190 59730 59730
22200 22200 59720 59720
22210 22210 59710 59710
22220 22220 59700 59700
22230 22230 59690 59690
22240 22240 59680 59680
22250 22250 59670 59670
22260 22260 59660 59660
22270 22270 59650 59650
22280 22280 59640 59640
22290 22290 59630 59630
22300 22300 59620 59620
22310 22310 59610 59610
22320 22320 59600 59600
22330 22330 59590 59590
22340 22340 59580 59580
22350 22350 59570 59570
22360 22360 59560 59560
22370 22370 59550 59550
22380 22380 59540 59540
22390 22390 59530 59530
22400 22400 59520 59520
22410 22410 59510 59510
22420 22420 59500 59500
22430 22430 59490 59490
22440 22440 59480 59480
22450 22450 59470 59470
22460 22460 59460 59460
22470 22470 59450 59450
22480 22480 59440 59440
22490 22490 59430 59430
22500 22500 59420 59420
22510 22510 59410 59410
22520 22520 59400 59400
22530 22530 59390 59390
22540 22540 59380 59380
22550 22550 59370 59370
22560 22560 59360 59360
22570 22570 59350 59350
22580 22580 59340 59340
22590 22590 59330 59330
22600 22600 59320 59320
22610 22610 59310 59310
22620 22620 59300 59300
22630 22630 59290 59290
22640 22640 59280 59280
22650 22650 59270 59270
22660 22660 59260 59260
22670 22670 59250 59250
22680 22680 59240 59240
22690 22690 59230 59230
22700 22700 59220 59220
22710 22710 59210 59210
22720 22720 59200 59200
22730 22730 59190 59190
22740 22740 59180 59180
22750 22750 59170 59170
22760 22760 59160 59160
22770 22770 59150 59150
22780 22780 59140 59140
22790 22790 59130 59130
22800 22800 59120 59120
22810 22810 59110 59110
22820 22820 59100 59100
22830 22830 59090 59090
22840 22840 59080 59080
22850 22850 59070 59070
22860 22860 59060 59060
22870 22870 59050 59050
22880 22880 59040 59040
22890 22890 59030 59030
22900 22900 59020 59020
22910 22910 59010 59010
22920 22920 59000 59000
22930 22930 58990 58990
22940 22940 58980 58980
22950 22950 58970 58970
22960 22960 58960 58960
22970 22970 58950 58950
22980 22980 58940 58940
22990 22990 58930 58930
23000 23000 58920 58920
23010 23010 58910 58910
23020 23020 58900 58900
23030 23030 58890 58890
23040 23040 58880 58880
23050 23050 58870 58870
23060 23060 58860 58860
23070 23070 58850 58850
23080 23080 58840 58840
23090 23090 58830 58830
23100 23100 58820 58820
23110 23110 58810 58810
23120 23120 58800 58800
23130 23130 58790 58790
23140 23140 58780 58780
23150 23150 58770 58770
23160 23160 58760 58760
23170 23170 58750 58750
23180 23180 58740 58740
23190 23190 58730 58730
23200 23200 58720 58720
23210 23210 58710 58710
23220 23220 58700 58700
23230 23230 58690 58690
23240 23240 58680 58680
23250 23250 58670 58670
23260 23260 58660 58660
23270 23270 58650 58650
23280 23280 58640 58640
23290 23290 58630 58630
23300 23300 58620 58620
23310 23310 58610 58610
23320 23320 58600 58600
23330 23330 58590 58590
23340 23340 58580 58580
23350 23350 58570 58570
23360 23360 58560 58560
23370 23370 58550 58550
23380 23380 58540 58540
23390 23390 58530 58530
23400 23400 58520 58520
23410 23410 58510 58510
23420 23420 58500 58500
23430 23430 58490 58490
23440 23440 58480 58480
23450 23450 58470 58470
23460 23460 58460 58460
23470 23470 58450 58450
23480 23480 58440 58440
23490 23490 58430 58430
23500 23500 58420 58420
23510 23510 58410 58410
23520 23520 58400 58400
23530 23530 58390 58390
23540 23540 58380 58380
23550 23550 58370 58370
23560 23560 58360 58360
23570 23570 58350 58350
23580 23580 58340 58340
23590 23590 58330 58330
23600 23600 58320 58320
23610 23610 58310 58310
23620 23620 58300 58300
23630 23630 58290 58290
23640 23640 58280 58280
23650 23650 58270 58270
23660 23660 58260 58260
23670 23670 58250 58250
23680 23680 58240 58240
23690 23690 58230 58230
23700 23700 58220 58220
23710 23710 58210 58210
23720 23720 58200 58200
23730 23730 58190 58190
23740 23740 58180 58180
23750 23750 58170 58170
23760 23760 58160 58160
23770 23770 58150 58150
23780 23780 58140 58140
23790 23790 58130 58130
23800 23800 58120 58120
23810 23810 58110 58110
23820 23820 58100 58100
23830 23830 58090 58090
23840 23840 58080 58080
23850 23850 58070 58070
23860 23860 58060 58060
23870 23870 58050 58050
23880 23880 58040 58040
23890 23890 58030 58030
23900 23900 58020 58020
23910 23910 58010 58010
23920 23920 58000 58000
23930 23930 57990 57990
23940 23940 57980 57980
23950 23950 57970 57970
23960 23960 57960 57960
23970 23970 57950 57950
23980 23980 57940 57940
23990 23990 57930 57930
24000 24000 57920 57920
24010 24010 57910 57910
24020 24020 57900 57900
24030 24030 57890 57890
24040 24040 57880 57880
24050 24050 57870 57870
24060 24060 57860 57860
24070 24070 57850 57850
24080 24080 57840 57840
24090 24090 57830 57830
24100 24100 57820 57820
24110 24110 57810 57810
24120 24120 57800 57800
24130 24130 57790 57790
24140 24140 57780 57780
24150 24150 57770 57770
24160 24160 57760 57760
24170 24170 57750 57750
24180 24180 57740 57740
24190 24190 57730 57730
24200 24200 57720 57720
24210 24210 57710 57710
24220 24220 57700 57700
24230 24230 57690 57690
24240 24240 57680 57680
24250 24250 57670 57670
24260 24260 57660 57660
24270 24270 57650 57650
24280 24280 57640 57640
24290 24290 57630 57630
24300 24300 57620 57620
24310 24310 57610 57610
24320 24320 57600 57600
24330 24330 57590 57590
24340 24340 57580 57580
24350 24350 57570 57570
24360 24360 57560 57560
24370 24370 57550 57550
24380 24380 57540 57540
24390 24390 57530 57530
24400 24400 57520 57520
24410 24410 57510 57510
24420 24420 57500 57500
24430 24430 57490 57490
24440 24440 57480 57480
24450 24450 57470 57470
24460 24460 57460 57460
24470 24470 57450 57450
24480 24480 57440 57440
24490 24490 57430 57430
24500 24500 57420 57420
24510 24510 57410 57410
24520 24520 57400 57400
24530 24530 57390 57390
24540 24540 57380 57380
24550 24550 57370 57370
24560 24560 57360 57360
24570 24570 57350 57350
24580 24580 57340 57340
24590 24590 57330 57330
24600 24600 57320 57320
24610 24610 57310 57310
24620 24620 57300 57300
24630 24630 57290 57290
24640 24640 57280 57280
24650 24650 57270 57270
24660 24660 57260 57260
24670 24670 57250 57250
24680 24680 57240 57240
24690 24690 57230 57230
24700 24700 57220 57220
24710 24710 57210 57210
24720 24720 57200 57200
24730 24730 57190 57190
24740 24740 57180 57180
24750 24750 57170 57170
24760 24760 57160 57160
24770 24770 57150 57150
24780 24780 57140 57140
24790 24790 57130 57130
24800 24800 57120 57120
24810 24810 57110 57110
24820 24820 57100 57100
24830 24830 57090 57090
24840 24840 57080 57080
24850 24850 57070 57070
24860 24860 57060 57060
24870 24870 57050 57050
24880 24880 57040 57040
24890 24890 57030 57030
24900 24900 57020 57020
24910 24910 57010 57010
24920 24920 57000 57000
24930 24930 56990 56990
24940 24940 56980 56980
24950 24950 56970 56970
24960 24960 56960 56960
24970 24970 56950 56950
24980 24980 56940 56940
24990 24990 56930 56930
25000 25000 56920 56920
25010 25010 56910 56910
25020 25020 56900 56900
25030 25030 56890 56890
25040 25040 56880 56880
25050 25050 56870 56870
25060 25060 56860 56860
25070 25070 56850 56850
25080 25080 56840 56840
25090 25090 56830 56830
25100 25100 56820 56820
25110 25110 56810 56810
25120 25120 56800 56800
25130 25130 56790 56790
25140 25140 56780 56780
25150 25150 56770 56770
25160 25160 56760 56760
25170 25170 56750 56750
25180 25180 56740 56740
25190 25190 56730 56730
25200 25200 56720 56720
25210 25210 56710 56710
25220 25220 56700 56700
25230 25230 56690 56690
25240 25240 56680 56680
25250 25250 56670 56670
25260 25260 56660 56660
25270 25270 56650 56650
25280 25280 56640 56640
25290 25290 56630 56630
25300 25300 56620 56620
25310 25310 56610 56610
25320 25320 56600 56600
25330 25330 56590 56590
25340 25340 56580 56580
25350 25350 56570 56570
25360 25360 56560 56560
25370 25370 56550 56550
25380 25380 56540 56540
25390 25390 56530 56530
25400 25400 56520 56520
25410 25410 56510 56510
25420 25420 56500 56500
25430 25430 56490 56490
25440 25440 56480 56480
25450 25450 56470 56470
25460 25460 56460 56460
25470 25470 56450 56450
25480 25480 56440 56440
25490 25490 56430 56430
25500 25500 56420 56420
25510 25510 56410 56410
25520 25520 56400 56400
25530 25530 56390 56390
25540 25540 56380 56380
25550 25550 56370 56370
25560 25560 56360 56360
25570 25570 56350 56350
25580 25580 56340 56340
25590 25590 56330 56330
25600 25600 56320 56320
25610 25610 56310 56310
25620 25620 56300 56300
25630 25630 56290 56290
25640 25640 56280 56280
25650 25650 56270 56270
25660 25660 56260 56260
25670 25670 56250 56250
25680 25680 56240 56240
25690 25690 56230 56230
25700 25700 56220 56220
25710 25710 56210 56210
25720 25720 56200 56200
25730 25730 56190 56190
25740 25740 56180 56180
25750 25750 56170 56170
25760 25760 56160 56160
25770 25770 56150 56150
25780 25780 56140 56140
25790 25790 56130 56130
25800 25800 56120 56120
25810 25810 56110 56110
25820 25820 56100 56100
25830 25830 56090 56090
25840 25840 56080 56080
25850 25850 56070 56070
25860 25860 56060 56060
25870 25870 56050 56050
25880 25880 56040 56040
25890 25890 56030 56030
25900 25900 56020 56020
25910 25910 56010 56010
25920 25920 56000 56000
25930 25930 55990 55990
25940 25940 55980 55980
25950 25950 55970 55970
25960 25960 55960 55960
25970 25970 55950 55950
25980 25980 55940 55940
25990 25990 55930 55930
26000 26000 55920 55920
26010 26010 55910 55910
26020 26020 55900 55900
26030 26030 55890 55890
26040 26040 55880 55880
26050 26050 55870 55870
26060 26060 55860 55860
26070 26070 55850 55850
26080 26080 55840 55840
26090 26090 55830 55830
26100 26100 55820 55820
26110 26110 55810 55810
26120 26120 55800 55800
26130 26130 55790 55790
26140 26140 55780 55780
26150 26150 55770 55770
26160 26160 55760 55760
26170 26170 55750 55750
26180 26180 55740 55740
26190 26190 55730 55730
26200 26200 55720 55720
26210 26210 55710 55710
26220 26220 55700 55700
26230 26230 55690 55690
26240 26240 55680 55680
26250 26250 55670 55670
26260 26260 55660 55660
26270 26270 55650 55650
26280 26280 55640 55640
26290 26290 55630 55630
26300 26300 55620 55620
26310 26310 55610 55610
26320 26320 55600 55600
26330 26330 55590 55590
26340 26340 55580 55580
26350 26350 55570 55570
26360 26360 55560 55560
26370 26370 55550 55550
26380 26380 55540 55540
26390 26390 55530 55530
26400 26400 55520 55520
26410 26410 55510 55510
26420 26420 55500 55500
26430 26430 55490 55490
26440 26440 55480 55480
26450 26450 55470 55470
26460 26460 55460 55460
26470 26470 55450 55450
26480 26480 55440 55440
26490 26490 55430 55430
26500 26500 55420 55420
26510 26510 55410 55410
26520 26520 55400 55400
26530 26530 55390 55390
26540 26540 55380 55380
26550 26550 55370 55370
26560 26560 55360 55360
26570 26570 55350 55350
26580 26580 55340 55340
26590 26590 55330 55330
26600 26600 55320 55320
26610 26610 55310 55310
26620 26620 55300 55300
26630 26630 55290 55290
26640 26640 55280 55280
26650 26650 55270 55270
26660 26660 55260 55260
26670 26670 55250 55250
26680 26680 55240 55240
26690 26690 55230 55230
26700 26700 55220 55220
26710 26710 55210 55210
26720 26720 55200 55200
26730 26730 55190 55190
26740 26740 55180 55180
26750 26750 55170 55170
26760 26760 55160 55160
26770 26770 55150 55150
26780 26780 55140 55140
26790 26790 55130 55130
26800 26800 55120 55120
26810 26810 55110 55110
26820 26820 55100 55100
26830 26830 55090 55090
26840 26840 55080 55080
26850 26850 55070 55070
26860 26860 55060 55060
26870 26870 55050 55050
26880 26880 55040 55040
26890 26890 55030 55030
26900 26900 55020 55020
26910 26910 55010 55010
26920 26920 55000 55000
26930 26930 54990 54990
26940 26940 54980 54980
26950 26950 54970 54970
26960 26960 54960 54960
26970 26970 54950 54950
26980 26980 54940 54940
26990 26990 54930 54930
27000 27000 54920 54920
27010 27010 54910 54910
27020 27020 54900 54900
27030 27030 54890 54890
27040 27040 54880 54880
27050 27050 54870 54870
27060 27060 54860 54860
27070 27070 54850 54850
27080 27080 54840 54840
27090 27090 54830 54830
27100 27100 54820 54820
27110 27110 54810 54810
27120 27120 54800 54800
27130 27130 54790 54790
27140 27140 54780 54780
27150 27150 54770 54770
27160 27160 54760 54760
27170 27170 54750 54750
27180 27180 54740 54740
27190 27190 54730 54730
27200 27200 54720 54720
27210 27210 54710 54710
27220 27220 54700 54700
27230 27230 54690 54690
27240 27240 54680 54680
27250 27250 54670 54670
27260 27260 54660 54660
27270 27270 54650 54650
27280 27280 54640 54640
27290 27290 54630 54630
27300 27300 54620 54620
27310 27310 54610 54610
27320 27320 54600 54600
27330 27330 54590 54590
27340 27340 54580 54580
27350 27350 54570 54570
27360 27360 54560 54560
27370 27370 54550 54550
27380 27380 54540 54540
27390 27390 54530 54530
27400 27400 54520 54520
27410 27410 54510 54510
27420 27420 54500 54500
27430 27430 54490 54490
27440 27440 54480 54480
27450 27450 54470 54470
27460 27460 54460 54460
27470 27470 54450 54450
27480 27480 54440 54440
27490 27490 54430 54430
27500 27500 54420 54420
27510 27510 54410 54410
27520 27520 54400 54400
27530 27530 54390 54390
27540 27540 54380 54380
27550 27550 54370 54370
27560 27560 54360 54360
27570 27570 54350 54350
27580 27580 54340 54340
27590 27590 54330 54330
27600 27600 54320 54320
27610 27610 54310 54310
27620 27620 54300 54300
27630 27630 54290 54290
27640 27640 54280 54280
27650 27650 54270 54270
27660 27660 54260 54260
27670 27670 54250 54250
27680 27680 54240 54240
27690 27690 54230 54230
27700 27700 54220 54220
27710 27710 54210 54210
27720 27720 54200 54200
27730 27730 54190 54190
27740 27740 54180 54180
27750 27750 54170 54170
27760 27760 54160 54160
27770 27770 54150 54150
27780 27780 54140 54140
27790 27790 54130 54130
27800 27800 54120 54120
27810 27810 54110 54110
27820 27820 54100 54100
27830 27830 54090 54090
27840 27840 54080 54080
27850 27850 54070 54070
27860 27860 54060 54060
27870 27870 54050 54050
27880 27880 54040 54040
27890 27890 54030 54030
27900 27900 54020 54020
27910 27910 54010 54010
27920 27920 54000 54000
27930 27930 53990 53990
27940 27940 53980 53980
27950 27950 53970 53970
27960 27960 53960 53960
27970 27970 53950 53950
27980 27980 53940 53940
27990 27990 53930 53930
28000 28000 53920 53920
28010 28010 53910 53910
28020 28020 53900 53900
28030 28030 53890 53890
28040 28040 53880 53880
28050 28050 53870 53870
28060 28060 53860 53860
28070 28070 53850 53850
28080 28080 53840 53840
28090 28090 53830 53830
28100 28100 53820 53820
28110 28110 53810 53810
28120 28120 53800 53800
28130 28130 53790 53790
28140 28140 53780 53780
28150 28150 53770 53770
28160 28160 53760 53760
28170 28170 53750 53750
28180 28180 53740 53740
28190 28190 53730 53730
28200 28200 53720 53720
28210 28210 53710 53710
28220 28220 53700 53700
28230 28230 53690 53690
28240 28240 53680 53680
28250 28250 53670 53670
28260 28260 53660 53660
28270 28270 53650 53650
28280 28280 53640 53640
28290 28290 53630 53630
28300 28300 53620 53620
28310 28310 53610 53610
28320 28320 53600 53600
28330 28330 53590 53590
28340 28340 53580 53580
28350 28350 53570 53570
28360 28360 53560 53560
28370 28370 53550 53550
28380 28380 53540 53540
28390 28390 53530 53530
28400 28400 53520 53520
28410 28410 53510 53510
28420 28420 53500 53500
28430 28430 53490 53490
28440 28440 53480 53480
28450 28450 53470 53470
28460 28460 53460 53460
28470 28470 53450 53450
28480 28480 53440 53440
28490 28490 53430 53430
28500 28500 53420 53420
28510 28510 53410 53410
28520 28520 53400 53400
28530 28530 53390 53390
28540 28540 53380 53380
28550 28550 53370 53370
28560 28560 53360 53360
28570 28570 53350 53350
28580 28580 53340 53340
28590 28590 53330 53330
28600 28600 53320 53320
28610 28610 53310 53310
28620 28620 53300 53300
28630 28630 53290 53290
28640 28640 53280 53280
28650 28650 53270 53270
28660 28660 53260 53260
28670 28670 53250 53250
28680 28680 53240 53240
28690 28690 53230 53230
28700 28700 53220 53220
28710 28710 53210 53210
28720 28720 53200 53200
28730 28730 53190 53190
28740 28740 53180 53180
28750 28750 53170 53170
28760 28760 53160 53160
28770 28770 53150 53150
28780 28780 53140 53140
28790 28790 53130 53130
28800 28800 53120 53120
28810 28810 53110 53110
28820 28820 53100 53100
28830 28830 53090 53090
28840 28840 53080 53080
28850 28850 53070 53070
28860 28860 53060 53060
28870 28870 53050 53050
28880 28880 53040 53040
28890 28890 53030 53030
28900 28900 53020 53020
28910 28910 53010 53010
28920 28920 53000 53000
28930 28930 52990 52990
28940 28940 52980 52980
28950 28950 52970 52970
28960 28960 52960 52960
28970 28970 52950 52950
28980 28980 52940 52940
28990 28990 52930 52930
29000 29000 52920 52920
29010 29010 52910 52910
29020 29020 52900 52900
29030 29030 52890 52890
29040 29040 52880 52880
29050 29050 52870 52870
29060 29060 52860 52860
29070 29070 52850 52850
29080 29080 52840 52840
29090 29090 52830 52830
29100 29100 52820 52820
29110 29110 52810 52810
29120 29120 52800 52800
29130 29130 52790 52790
29140 29140 52780 52780
29150 29150 52770 52770
29160 29160 52760 52760
29170 29170 52750 52750
29180 29180 52740 52740
29190 29190 52730 52730
29200 29200 52720 52720
29210 29210 52710 52710
29220 29220 52700 52700
29230 29230 52690 52690
29240 29240 52680 52680
29250 29250 52670 52670
29260 29260 52660 52660
29270 29270 52650 52650
29280 29280 52640 52640
29290 29290 52630 52630
29300 29300 52620 52620
29310 29310 52610 52610
29320 29320 52600 52600
29330 29330 52590 52590
29340 29340 52580 52580
29350 29350 52570 52570
29360 29360 52560 52560
29370 29370 52550 52550
29380 29380 52540 52540
29390 29390 52530 52530
29400 29400 52520 52520
29410 29410 52510 52510
29420 29420 52500 52500
29430 29430 52490 52490
29440 29440 52480 52480
29450 29450 52470 52470
29460 29460 52460 52460
29470 29470 52450 52450
29480 29480 52440 52440
29490 29490 52430 52430
29500 29500 52420 52420
29510 29510 52410 52410
29520 29520 52400 52400
29530 29530 52390 52390
29540 29540 52380 52380
29550 29550 52370 52370
29560 29560 52360 52360
29570 29570 52350 52350
29580 29580 52340 52340
29590 29590 52330 52330
29600 29600 52320 52320
29610 29610 52310 52310
29620 29620 52300 52300
29630 29630 52290 52290
29640 29640 52280 52280
29650 29650 52270 52270
29660 29660 52260 52260
29670 29670 52250 52250
29680 29680 52240 52240
29690 29690 52230 52230
29700 29700 52220 52220
29710 29710 52210 52210
29720 29720 52200 52200
29730 29730 52190 52190
29740 29740 52180 52180
29750 29750 52170 52170
29760 29760 52160 52160
29770 29770 52150 52150
29780 29780 52140 52140
29790 29790 52130 52130
29800 29800 52120 52120
29810 29810 52110 52110
29820 29820 52100 52100
29830 29830 52090 52090
29840 29840 52080 52080
29850 29850 52070 52070
29860 29860 52060 52060
29870 29870 52050 52050
29880 29880 52040 52040
29890 29890 52030 52030
29900 29900 52020 52020
29910 29910 52010 52010
29920 29920 52000 52000
29930 29930 51990 51990
29940 29940 51980 51980
29950 29950 51970 51970
29960 29960 51960 51960
29970 29970 51950 51950
29980 29980 51940 51940
29990 29990 51930 51930
30000 30000 51920 51920
30010 30010 51910 51910
30020 30020 51900 51900
30030 30030 51890 51890
30040 30040 51880 51880
30050 30050 51870 51870
30060 30060 51860 51860
30070 30070 51850 51850
30080 30080 51840 51840
30090 30090 51830 51830
30100 30100 51820 51820
30110 30110 51810 51810
30120 30120 51800 51800
30130 30130 51790 51790
30140 30140 51780 51780
30150 30150 51770 51770
30160 30160 51760 51760
30170 30170 51750 51750
30180 30180 51740 51740
30190 30190 51730 51730
30200 30200 51720 51720
30210 30210 51710 51710
30220 30220 51700 51700
30230 30230 51690 51690
30240 30240 51680 51680
30250 30250 51670 51670
30260 30260 51660 51660
30270 30270 51650 51650
30280 30280 51640 51640
30290 30290 51630 51630
30300 30300 51620 51620
30310 30310 51610 51610
30320 30320 51600 51600
30330 30330 51590 51590
30340 30340 51580 51580
30350 30350 51570 51570
30360 30360 51560 51560
30370 30370 51550 51550
30380 30380 51540 51540
30390 30390 51530 51530
30400 30400 51520 51520
30410 30410 51510 51510
30420 30420 51500 51500
30430 30430 51490 51490
30440 30440 51480 51480
30450 30450 51470 51470
30460 30460 51460 51460
30470 30470 51450 51450
30480 30480 51440 51440
30490 30490 51430 51430
30500 30500 51420 51420
30510 30510 51410 51410
30520 30520 51400 51400
30530 30530 51390 51390
30540 30540 51380 51380
30550 30550 51370 51370
30560 30560 51360 51360
30570 30570 51350 51350
30580 30580 51340 51340
30590 30590 51330 51330
30600 30600 51320 51320
30610 30610 51310 51310
30620 30620 51300 51300
30630 30630 51290 51290
30640 30640 51280 51280
30650 30650 51270 51270
30660 30660 51260 51260
30670 30670 51250 51250
30680 30680 51240 51240
30690 30690 51230 51230
30700 30700 51220 51220
30710 30710 51210 51210
30720 30720 51200 51200
30730 30730 51190 51190
30740 30740 51180 51180
30750 30750 51170 51170
30760 30760 51160 51160
30770 30770 51150 51150
30780 30780 51140 51140
30790 30790 51130 51130
30800 30800 51120 51120
30810 30810 51110 51110
30820 30820 51100 51100
30830 30830 51090 51090
30840 30840 51080 51080
30850 30850 51070 51070
30860 30860 51060 51060
30870 30870 51050 51050
30880 30880 51040 51040
30890 30890 51030 51030
30900 30900 51020 51020
30910 30910 51010 51010
30920 30920 51000 51000
30930 30930 50990 50990
30940 30940 50980 50980
30950 30950 50970 50970
30960 30960 50960 50960
30970 30970 50950 50950
30980 30980 50940 50940
30990 30990 50930 50930
31000 31000 50920 50920
31010 31010 50910 50910
31020 31020 50900 50900
31030 31030 50890 50890
31040 31040 50880 50880
31050 31050 50870 50870
31060 31060 50860 50860
31070 31070 50850 50850
31080 31080 50840 50840
31090 31090 50830 50830
31100 31100 50820 50820
31110 31110 50810 50810
31120 31120 50800 50800
31130 31130 50790 50790
31140 31140 50780 50780
31150 31150 50770 50770
31160 31160 50760 50760
31170 31170 50750 50750
31180 31180 50740 50740
31190 31190 50730 50730
31200 31200 50720 50720
31210 31210 50710 50710
31220 31220 50700 50700
31230 31230 50690 50690
31240 31240 50680 50680
31250 31250 50670 50670
31260 31260 50660 50660
31270 31270 50650 50650
31280 31280 50640 50640
31290 31290 50630 50630
31300 31300 50620 50620
31310 31310 50610 50610
31320 31320 50600 50600
31330 31330 50590 50590
31340 31340 50580 50580
31350 31350 50570 50570
31360 31360 50560 50560
31370 31370 50550 50550
31380 31380 50540 50540
31390 31390 50530 50530
31400 31400 50520 50520
31410 31410 50510 50510
31420 31420 50500 50500
31430 31430 50490 50490
31440 31440 50480 50480
31450 31450 50470 50470
31460 31460 50460 50460
31470 31470 50450 50450
31480 31480 50440 50440
31490 31490 50430 50430
31500 31500 50420 50420
31510 31510 50410 50410
31520 31520 50400 50400
31530 31530 50390 50390
31540 31540 50380 50380
31550 31550 50370 50370
31560 31560 50360 50360
31570 31570 50350 50350
31580 31580 50340 50340
31590 31590 50330 50330
31600 31600 50320 50320
31610 31610 50310 50310
31620 31620 50300 50300
31630 31630 50290 50290
31640 31640 50280 50280
31650 31650 50270 50270
31660 31660 50260 50260
31670 31670 50250 50250
31680 31680 50240 50240
31690 31690 50230 50230
31700 31700 50220 50220
31710 31710 50210 50210
31720 31720 50200 50200
31730 31730 50190 50190
31740 31740 50180 50180
31750 31750 50170 50170
31760 31760 50160 50160
31770 31770 50150 50150
31780 31780 50140 50140
31790 31790 50130 50130
31800 31800 50120 50120
31810 31810 50110 50110
31820 31820 50100 50100
31830 31830 50090 50090
31840 31840 50080 50080
31850 31850 50070 50070
31860 31860 50060 50060
31870 31870 50050 50050
31880 31880 50040 50040
31890 31890 50030 50030
31900 31900 50020 50020
31910 31910 50010 50010
31920 31920 50000 50000
31930 31930 49990 49990
31940 31940 49980 49980
31950 31950 49970 49970
31960 31960 49960 49960
31970 31970 49950 49950
31980 31980 49940 49940
31990 31990 49930 49930
32000 32000 49920 49920
32010 32010 49910 49910
32020 32020 49900 49900
32030 32030 49890 49890
32040 32040 49880 49880
32050 32050 49870 49870
32060 32060 49860 49860
32070 32070 49850 49850
32080 32080 49840 49840
32090 32090 49830 49830
32100 32100 49820 49820
32110 32110 49810 49810
32120 32120 49800 49800
32130 32130 49790 49790
32140 32140 49780 49780
32150 32150 49770 49770
32160 32160 49760 49760
32170 32170 49750 49750
32180 32180 49740 49740
32190 32190 49730 49730
32200 32200 49720 49720
32210 32210 49710 49710
32220 32220 49700 49700
32230 32230 49690 49690
32240 32240 49680 49680
32250 32250 49670 49670
32260 32260 49660 49660
32270 32270 49650 49650
32280 32280 49640 49640
32290 32290 49630 49630
32300 32300 49620 49620
32310 32310 49610 49610
32320 32320 49600 49600
32330 32330 49590 49590
32340 32340 49580 49580
32350 32350 49570 49570
32360 32360 49560 49560
32370 32370 49550 49550
32380 32380 49540 49540
32390 32390 49530 49530
32400 32400 49520 49520
32410 32410 49510 49510
32420 32420 49500 49500
32430 32430 49490 49490
32440 32440 49480 49480
32450 32450 49470 49470
32460 32460 49460 49460
32470 32470 49450 49450
32480 32480 49440 49440
32490 32490 49430 49430
32500 32500 49420 49420
32510 32510 49410 49410
32520 32520 49400 49400
32530 32530 49390 49390
32540 32540 49380 49380
32550 32550 49370 49370
32560 32560 49360 49360
32570 32570 49350 49350
32580 32580 49340 49340
32590 32590 49330 49330
32600 32600 49320 49320
32610 32610 49310 49310
32620 32620 49300 49300
32630 32630 49290 49290
32640 32640 49280 49280
32650 32650 49270 49270
32660 32660 49260 49260
32670 32670 49250 49250
32680 32680 49240 49240
32690 32690 49230 49230
32700 32700 49220 49220
32710 32710 49210 49210
32720 32720 49200 49200
32730 32730 49190 49190
32740 32740 49180 49180
32750 32750 49170 49170
32760 32760 49160 49160
32770 32770 49150 49150
32780 32780 49140 49140
32790 32790 49130 49130
32800 32800 49120 49120
32810 32810 49110 49110
32820 32820 49100 49100
32830 32830 49090 49090
32840 32840 49080 49080
32850 32850 49070 49070
32860 32860 49060 49060
32870 32870 49050 49050
32880 32880 49040 49040
32890 32890 49030 49030
32900 32900 49020 49020
32910 32910 49010 49010
32920 32920 49000 49000
32930 32930 48990 48990
32940 32940 48980 48980
32950 32950 48970 48970
32960 32960 48960 48960
32970 32970 48950 48950
32980 32980 48940 48940
32990 32990 48930 48930
33000 33000 48920 48920
33010 33010 48910 48910
33020 33020 48900 48900
33030 33030 48890 48890
33040 33040 48880 48880
33050 33050 48870 48870
33060 33060 48860 48860
33070 33070 48850 48850
33080 33080 48840 48840
33090 33090 48830 48830
33100 33100 48820 48820
33110 33110 48810 48810
33120 33120 48800 48800
33130 33130 48790 48790
33140 33140 48780 48780
33150 33150 48770 48770
33160 33160 48760 48760
33170 33170 48750 48750
33180 33180 48740 48740
33190 33190 48730 48730
33200 33200 48720 48720
33210 33210 48710 48710
33220 33220 48700 48700
33230 33230 48690 48690
33240 33240 48680 48680
33250 33250 48670 48670
33260 33260 48660 48660
33270 33270 48650 48650
33280 33280 48640 48640
33290 33290 48630 48630
33300 33300 48620 48620
33310 33310 48610 48610
33320 33320 48600 48600
33330 33330 48590 48590
33340 33340 48580 48580
33350 33350 48570 48570
33360 33360 48560 48560
33370 33370 48550 48550
33380 33380 48540 48540
33390 33390 48530 48530
33400 33400 48520 48520
33410 33410 48510 48510
33420 33420 48500 48500
33430 33430 48490 48490
33440 33440 48480 48480
33450 33450 48470 48470
33460 33460 48460 48460
33470 33470 48450 48450
33480 33480 48440 48440
33490 33490 48430 48430
33500 33500 48420 48420
33510 33510 48410 48410
33520 33520 48400 48400
33530 33530 48390 48390
33540 33540 48380 48380
33550 33550 48370 48370
33560 33560 48360 48360
33570 33570 48350 48350
33580 33580 48340 48340
33590 33590 48330 48330
33600 33600 48320 48320
33610 33610 48310 48310
33620 33620 48300 48300
33630 33630 48290 48290
33640 33640 48280 48280
33650 33650 48270 48270
33660 33660 48260 48260
33670 33670 48250 48250
33680 33680 48240 48240
33690 33690 48230 48230
33700 33700 48220 48220
33710 33710 48210 48210
33720 33720 48200 48200
33730 33730 48190 48190
33740 33740 48180 48180
33750 33750 48170 48170
33760 33760 48160 48160
33770 33770 48150 48150
33780 33780 48140 48140
33790 33790 48130 48130
33800 33800 48120 48120
33810 33810 48110 48110
33820 33820 48100 48100
33830 33830 48090 48090
33840 33840 48080 48080
33850 33850 48070 48070
33860 33860 48060 48060
33870 33870 48050 48050
33880 33880 48040 48040
33890 33890 48030 48030
33900 33900 48020 48020
33910 33910 48010 48010
33920 33920 48000 48000
33930 33930 47990 47990
33940 33940 47980 47980
33950 33950 47970 47970
33960 33960 47960 47960
33970 33970 47950 47950
33980 33980 47940 47940
33990 33990 47930 47930
34000 34000 47920 47920
34010 34010 47910 47910
34020 34020 47900 47900
34030 34030 47890 47890
34040 34040 47880 47880
34050 34050 47870 47870
34060 34060 47860 47860
34070 34070 47850 47850
34080 34080 47840 47840
34090 34090 47830 47830
34100 34100 47820 47820
34110 34110 47810 47810
34120 34120 47800 47800
34130 34130 47790 47790
34140 34140 47780 47780
34150 34150 47770 47770
34160 34160 47760 47760
34170 34170 47750 47750
34180 34180 47740 47740
34190 34190 47730 47730
34200 34200 47720 47720
34210 34210 47710 47710
34220 34220 47700 47700
34230 34230 47690 47690
34240 34240 47680 47680
34250 34250 47670 47670
34260 34260 47660 47660
34270 34270 47650 47650
34280 34280 47640 47640
34290 34290 47630 47630
34300 34300 47620 47620
34310 34310 47610 47610
34320 34320 47600 47600
34330 34330 47590 47590
34340 34340 47580 47580
34350 34350 47570 47570
34360 34360 47560 47560
34370 34370 47550 47550
34380 34380 47540 47540
34390 34390 47530 47530
34400 34400 47520 47520
34410 34410 47510 47510
34420 34420 47500 47500
34430 34430 47490 47490
34440 34440 47480 47480
34450 34450 47470 47470
34460 34460 47460 47460
34470 34470 47450 47450
34480 34480 47440 47440
34490 34490 47430 47430
34500 34500 47420 47420
34510 34510 47410 47410
34520 34520 47400 47400
34530 34530 47390 47390
34540 34540 47380 47380
34550 34550 47370 47370
34560 34560 47360 47360
34570 34570 47350 47350
34580 34580 47340 47340
34590 34590 47330 47330
34600 34600 47320 47320
34610 34610 47310 47310
34620 34620 47300 47300
34630 34630 47290 47290
34640 34640 47280 47280
34650 34650 47270 47270
34660 34660 47260 47260
34670 34670 47250 47250
34680 34680 47240 47240
34690 34690 47230 47230
34700 34700 47220 47220
34710 34710 47210 47210
34720 34720 47200 47200
34730 34730 47190 47190
34740 34740 47180 47180
34750 34750 47170 47170
34760 34760 47160 47160
34770 34770 47150 47150
34780 34780 47140 47140
34790 34790 47130 47130
34800 34800 47120 47120
34810 34810 47110 47110
34820 34820 47100 47100
34830 34830 47090 47090
34840 34840 47080 47080
34850 34850 47070 47070
34860 34860 47060 47060
34870 34870 47050 47050
34880 34880 47040 47040
34890 34890 47030 47030
34900 34900 47020 47020
34910 34910 47010 47010
34920 34920 47000 47000
34930 34930 46990 46990
34940 34940 46980 46980
34950 34950 46970 46970
34960 34960 46960 46960
34970 34970 46950 46950
34980 34980 46940 46940
34990 34990 46930 46930
35000 35000 46920 46920
35010 35010 46910 46910
35020 35020 46900 46900
35030 35030 46890 46890
35040 35040 46880 46880
35050 35050 46870 46870
35060 35060 46860 46860
35070 35070 46850 46850
35080 35080 46840 46840
35090 35090 46830 46830
35100 35100 46820 46820
35110 35110 46810 46810
35120 35120 46800 46800
35130 35130 46790 46790
35140 35140 46780 46780
35150 35150 46770 46770
35160 35160 46760 46760
35170 35170 46750 46750
35180 35180 46740 46740
35190 35190 46730 46730
35200 35200 46720 46720
35210 35210 46710 46710
35220 35220 46700 46700
35230 35230 46690 46690
35240 35240 46680 46680
35250 35250 46670 46670
35260 35260 46660 46660
35270 35270 46650 46650
35280 35280 46640 46640
35290 35290 46630 46630
35300 35300 46620 46620
35310 35310 46610 46610
35320 35320 46600 46600
35330 35330 46590 46590
35340 35340 46580 46580
35350 35350 46570 46570
35360 35360 46560 46560
35370 35370 46550 46550
35380 35380 46540 46540
35390 35390 46530 46530
35400 35400 46520 46520
35410 35410 46510 46510
35420 35420 46500 46500
35430 35430 46490 46490
35440 35440 46480 46480
35450 35450 46470 46470
35460 35460 46460 46460
35470 35470 46450 46450
35480 35480 46440 46440
35490 35490 46430 46430
35500 35500 46420 46420
35510 35510 46410 46410
35520 35520 46400 46400
35530 35530 46390 46390
35540 35540 46380 46380
35550 35550 46370 46370
35560 35560 46360 46360
35570 35570 46350 46350
35580 35580 46340 46340
35590 35590 46330 46330
35600 35600 46320 46320
35610 35610 46310 46310
35620 35620 46300 46300
35630 35630 46290 46290
35640 35640 46280 46280
35650 35650 46270 46270
35660 35660 46260 46260
35670 35670 46250 46250
35680 35680 46240 46240
35690 35690 46230 46230
35700 35700 46220 46220
35710 35710 46210 46210
35720 35720 46200 46200
35730 35730 46190 46190
35740 35740 46180 46180
35750 35750 46170 46170
35760 35760 46160 46160
35770 35770 46150 46150
35780 35780 46140 46140
35790 35790 46130 46130
35800 35800 46120 46120
35810 35810 46110 46110
35820 35820 46100 46100
35830 35830 46090 46090
35840 35840 46080 46080
35850 35850 46070 46070
35860 35860 46060 46060
35870 35870 46050 46050
35880 35880 46040 46040
35890 35890 46030 46030
35900 35900 46020 46020
35910 35910 46010 46010
35920 35920 46000 46000
35930 35930 45990 45990
35940 35940 45980 45980
35950 35950 45970 45970
35960 35960 45960 45960
35970 35970 45950 45950
35980 35980 45940 45940
35990 35990 45930 45930
36000 36000 45920 45920
36010 36010 45910 45910
36020 36020 45900 45900
36030 36030 45890 45890
36040 36040 45880 45880
36050 36050 45870 45870
36060 36060 45860 45860
36070 36070 45850 45850
36080 36080 45840 45840
36090 36090 45830 45830
36100 36100 45820 45820
36110 36110 45810 45810
36120 36120 45800 45800
36130 36130 45790 45790
36140 36140 45780 45780
36150 36150 45770 45770
36160 36160 45760 45760
36170 36170 45750 45750
36180 36180 45740 45740
36190 36190 45730 45730
36200 36200 45720 45720
36210 36210 45710 45710
36220 36220 45700 45700
36230 36230 45690 45690
36240 36240 45680 45680
36250 36250 45670 45670
36260 36260 45660 45660
36270 36270 45650 45650
36280 36280 45640 45640
36290 36290 45630 45630
36300 36300 45620 45620
36310 36310 45610 45610
36320 36320 45600 45600
36330 36330 45590 45590
36340 36340 45580 45580
36350 36350 45570 45570
36360 36360 45560 45560
36370 36370 45550 45550
36380 36380 45540 45540
36390 36390 45530 45530
36400 36400 45520 45520
36410 36410 45510 45510
36420 36420 45500 45500
36430 36430 45490 45490
36440 36440 45480 45480
36450 36450 45470 45470
36460 36460 45460 45460
36470 36470 45450 45450
36480 36480 45440 45440
36490 36490 45430 45430
36500 36500 45420 45420
36510 36510 45410 45410
36520 36520 45400 45400
36530 36530 45390 45390
36540 36540 45380 45380
36550 36550 45370 45370
36560 36560 45360 45360
36570 36570 45350 45350
36580 36580 45340 45340
36590 36590 45330 45330
36600 36600 45320 45320
36610 36610 45310 45310
36620 36620 45300 45300
36630 36630 45290 45290
36640 36640 45280 45280
36650 36650 45270 45270
36660 36660 45260 45260
36670 36670 45250 45250
36680 36680 45240 45240
36690 36690 45230 45230
36700 36700 45220 45220
36710 36710 45210 45210
36720 36720 45200 45200
36730 36730 45190 45190
36740 36740 45180 45180
36750 36750 45170 45170
36760 36760 45160 45160
36770 36770 45150 45150
36780 36780 45140 45140
36790 36790 45130 45130
36800 36800 45120 45120
36810 36810 45110 45110
36820 36820 45100 45100
36830 36830 45090 45090
36840 36840 45080 45080
36850 36850 45070 45070
36860 36860 45060 45060
36870 36870 45050 45050
36880 36880 45040 45040
36890 36890 45030 45030
36900 36900 45020 45020
36910 36910 45010 45010
36920 36920 45000 45000
36930 36930 44990 44990
36940 36940 44980 44980
36950 36950 44970 44970
36960 36960 44960 44960
36970 36970 44950 44950
36980 36980 44940 44940
36990 36990 44930 44930
37000 37000 44920 44920
37010 37010 44910 44910
37020 37020 44900 44900
37030 37030 44890 44890
37040 37040 44880 44880
37050 37050 44870 44870
37060 37060 44860 44860
37070 37070 44850 44850
37080 37080 44840 44840
37090 37090 44830 44830
37100 37100 44820 44820
37110 37110 44810 44810
37120 37120 44800 44800
37130 37130 44790 44790
37140 37140 44780 44780
37150 37150 44770 44770
37160 37160 44760 44760
37170 37170 44750 44750
37180 37180 44740 44740
37190 37190 44730 44730
37200 37200 44720 44720
37210 37210 44710 44710
37220 37220 44700 44700
37230 37230 44690 44690
37240 37240 44680 44680
37250 37250 44670 44670
37260 37260 44660 44660
37270 37270 44650 44650
37280 37280 44640 44640
37290 37290 44630 44630
37300 37300 44620 44620
37310 37310 44610 44610
37320 37320 44600 44600
37330 37330 44590 44590
37340 37340 44580 44580
37350 37350 44570 44570
37360 37360 44560 44560
37370 37370 44550 44550
37380 37380 44540 44540
37390 37390 44530 44530
37400 37400 44520 44520
37410 37410 44510 44510
37420 37420 44500 44500
37430 37430 44490 44490
37440 37440 44480 44480
37450 37450 44470 44470
37460 37460 44460 44460
37470 37470 44450 44450
37480 37480 44440 44440
37490 37490 44430 44430
37500 37500 44420 44420
37510 37510 44410 44410
37520 37520 44400 44400
37530 37530 44390 44390
37540 37540 44380 44380
37550 37550 44370 44370
37560 37560 44360 44360
37570 37570 44350 44350
37580 37580 44340 44340
37590 37590 44330 44330
37600 37600 44320 44320
37610 37610 44310 44310
37620 37620 44300 44300
37630 37630 44290 44290
37640 37640 44280 44280
37650 37650 44270 44270
37660 37660 44260 44260
37670 37670 44250 44250
37680 37680 44240 44240
37690 37690 44230 44230
37700 37700 44220 44220
37710 37710 44210 44210
37720 37720 44200 44200
37730 37730 44190 44190
37740 37740 44180 44180
37750 37750 44170 44170
37760 37760 44160 44160
37770 37770 44150 44150
37780 37780 44140 44140
37790 37790 44130 44130
37800 37800 44120 44120
37810 37810 44110 44110
37820 37820 44100 44100
37830 37830 44090 44090
37840 37840 44080 44080
37850 37850 44070 44070
37860 37860 44060 44060
37870 37870 44050 44050
37880 37880 44040 44040
37890 37890 44030 44030
37900 37900 44020 44020
37910 37910 44010 44010
37920 37920 44000 44000
37930 37930 43990 43990
37940 37940 43980 43980
37950 37950 43970 43970
37960 37960 43960 43960
37970 37970 43950 43950
37980 37980 43940 43940
37990 37990 43930 43930
38000 38000 43920 43920
38010 38010 43910 43910
38020 38020 43900 43900
38030 38030 43890 43890
38040 38040 43880 43880
38050 38050 43870 43870
38060 38060 43860 43860
38070 38070 43850 43850
38080 38080 43840 43840
38090 38090 43830 43830
38100 38100 43820 43820
38110 38110 43810 43810
38120 38120 43800 43800
38130 38130 43790 43790
38140 38140 43780 43780
38150 38150 43770 43770
38160 38160 43760 43760
38170 38170 43750 43750
38180 38180 43740 43740
38190 38190 43730 43730
38200 38200 43720 43720
38210 38210 43710 43710
38220 38220 43700 43700
38230 38230 43690 43690
38240 38240 43680 43680
38250 38250 43670 43670
38260 38260 43660 43660
38270 38270 43650 43650
38280 38280 43640 43640
38290 38290 43630 43630
38300 38300 43620 43620
38310 38310 43610 43610
38320 38320 43600 43600
38330 38330 43590 43590
38340 38340 43580 43580
38350 38350 43570 43570
38360 38360 43560 43560
38370 38370 43550 43550
38380 38380 43540 43540
38390 38390 43530 43530
38400 38400 43520 43520
38410 38410 43510 43510
38420 38420 43500 43500
38430 38430 43490 43490
38440 38440 43480 43480
38450 38450 43470 43470
38460 38460 43460 43460
38470 38470 43450 43450
38480 38480 43440 43440
38490 38490 43430 43430
38500 38500 43420 43420
38510 38510 43410 43410
38520 38520 43400 43400
38530 38530 43390 43390
38540 38540 43380 43380
38550 38550 43370 43370
38560 38560 43360 43360
38570 38570 43350 43350
38580 38580 43340 43340
38590 38590 43330 43330
38600 38600 43320 43320
38610 38610 43310 43310
38620 38620 43300 43300
38630 38630 43290 43290
38640 38640 43280 43280
38650 38650 43270 43270
38660 38660 43260 43260
38670 38670 43250 43250
38680 38680 43240 43240
38690 38690 43230 43230
38700 38700 43220 43220
38710 38710 43210 43210
38720 38720 43200 43200
38730 38730 43190 43190
38740 38740 43180 43180
38750 38750 43170 43170
38760 38760 43160 43160
38770 38770 43150 43150
38780 38780 43140 43140
38790 38790 43130 43130
38800 38800 43120 43120
38810 38810 43110 43110
38820 38820 43100 43100
38830 38830 43090 43090
38840 38840 43080 43080
38850 38850 43070 43070
38860 38860 43060 43060
38870 38870 43050 43050
38880 38880 43040 43040
38890 38890 43030 43030
38900 38900 43020 43020
38910 38910 43010 43010
38920 38920 43000 43000
38930 38930 42990 42990
38940 38940 42980 42980
38950 38950 42970 42970
38960 38960 42960 42960
38970 38970 42950 42950
38980 38980 42940 42940
38990 38990 42930 42930
39000 39000 42920 42920
39010 39010 42910 42910
39020 39020 42900 42900
39030 39030 42890 42890
39040 39040 42880 42880
39050 39050 42870 42870
39060 39060 42860 42860
39070 39070 42850 42850
39080 39080 42840 42840
39090 39090 42830 42830
39100 39100 42820 42820
39110 39110 42810 42810
39120 39120 42800 42800
39130 39130 42790 42790
39140 39140 42780 42780
39150 39150 42770 42770
39160 39160 42760 42760
39170 39170 42750 42750
39180 39180 42740 42740
39190 39190 42730 42730
39200 39200 42720 42720
39210 39210 42710 42710
39220 39220 42700 42700
39230 39230 42690 42690
39240 39240 42680 42680
39250 39250 42670 42670
39260 39260 42660 42660
39270 39270 42650 42650
39280 39280 42640 42640
39290 39290 42630 42630
39300 39300 42620 42620
39310 39310 42610 42610
39320 39320 42600 42600
39330 39330 42590 42590
39340 39340 42580 42580
39350 39350 42570 42570
39360 39360 42560 42560
39370 39370 42550 42550
39380 39380 42540 42540
39390 39390 42530 42530
39400 39400 42520 42520
39410 39410 42510 42510
39420 39420 42500 42500
39430 39430 42490 42490
39440 39440 42480 42480
39450 39450 42470 42470
39460 39460 42460 42460
39470 39470 42450 42450
39480 39480 42440 42440
39490 39490 42430 42430
39500 39500 42420 42420
39510 39510 42410 42410
39520 39520 42400 42400
39530 39530 42390 42390
39540 39540 42380 42380
39550 39550 42370 42370
39560 39560 42360 42360
39570 39570 42350 42350
39580 39580 42340 42340
39590 39590 42330 42330
39600 39600 42320 42320
39610 39610 42310 42310
39620 39620 42300 42300
39630 39630 42290 42290
39640 39640 42280 42280
39650 39650 42270 42270
39660 39660 42260 42260
39670 39670 42250 42250
39680 39680 42240 42240
39690 39690 42230 42230
39700 39700 42220 42220
39710 39710 42210 42210
39720 39720 42200 42200
39730 39730 42190 42190
39740 39740 42180 42180
39750 39750 42170 42170
39760 39760 42160 42160
39770 39770 42150 42150
39780 39780 42140 42140
39790 39790 42130 42130
39800 39800 42120 42120
39810 39810 42110 42110
39820 39820 42100 42100
39830 39830 42090 42090
39840 39840 42080 42080
39850 39850 42070 42070
39860 39860 42060 42060
39870 39870 42050 42050
39880 39880 42040 42040
39890 39890 42030 42030
39900 39900 42020 42020
39910 39910 42010 42010
39920 39920 42000 42000
39930 39930 41990 41990
39940 39940 41980 41980
39950 39950 41970 41970
39960 39960 41960 41960
39970 39970 41950 41950
39980 39980 41940 41940
39990 39990 41930 41930
40000 40000 41920 41920
40010 40010 41910 41910
40020 40020 41900 41900
40030 40030 41890 41890
40040 40040 41880 41880
40050 40050 41870 41870
40060 40060 41860 41860
40070 40070 41850 41850
40080 40080 41840 41840
40090 40090 41830 41830
40100 40100 41820 41820
40110 40110 41810 41810
40120 40120 41800 41800
40130 40130 41790 41790
40140 40140 41780 41780
40150 40150 41770 41770
40160 40160 41760 41760
40170 40170 41750 41750
40180 40180 41740 41740
40190 40190 41730 41730
40200 40200 41720 41720
40210 40210 41710 41710
40220 40220 41700 41700
40230 40230 41690 41690
40240 40240 41680 41680
40250 40250 41670 41670
40260 40260 41660 41660
40270 40270 41650 41650
40280 40280 41640 41640
40290 40290 41630 41630
40300 40300 41620 41620
40310 40310 41610 41610
40320 40320 41600 41600
40330 40330 41590 41590
40340 40340 41580 41580
40350 40350 41570 41570
40360 40360 41560 41560
40370 40370 41550 41550
40380 40380 41540 41540
40390 40390 41530 41530
40400 40400 41520 41520
40410 40410 41510 41510
40420 40420 41500 41500
40430 40430 41490 41490
40440 40440 41480 41480
40450 40450 41470 41470
40460 40460 41460 41460
40470 40470 41450 41450
40480 40480 41440 41440
40490 40490 41430 41430
40500 40500 41420 41420
40510 40510 41410 41410
40520 40520 41400 41400
40530 40530 41390 41390
40540 40540 41380 41380
40550 40550 41370 41370
40560 40560 41360 41360
40570 40570 41350 41350
40580 40580 41340 41340
40590 40590 41330 41330
40600 40600 41320 41320
40610 40610 41310 41310
40620 40620 41300 41300
40630 40630 41290 41290
40640 40640 41280 41280
40650 40650 41270 41270
40660 40660 41260 41260
40670 40670 41250 41250
40680 40680 41240 41240
40690 40690 41230 41230
40700 40700 41220 41220
40710 40710 41210 41210
40720 40720 41200 41200
40730 40730 41190 41190
40740 40740 41180 41180
40750 40750 41170 41170
40760 40760 41160 41160
40770 40770 41150 41150
40780 40780 41140 41140
40790 40790 41130 41130
40800 40800 41120 41120
40810 40810 41110 41110
40820 40820 41100 41100
40830 40830 41090 41090
40840 40840 41080 41080
40850 40850 41070 41070
40860 40860 41060 41060
40870 40870 41050 41050
40880 40880 41040 41040
40890 40890 41030 41030
40900 40900 41020 41020
40910 40910 41010 41010
40920 40920 41000 41000
40930 40930 40990 40990
40940 40940 40980 40980
40950 40950 40970 40970